18014398515924434848
18338657684263272424
18419722476347981818
18439988674369159166
18445055223874453502
18446321861250777086
18446638520594857982
9223345648576102398
6917522430571413502
1729380607642853374
432345151910713342
108086287977678334
27021571994419582
6755392998604894
1688848249651222
422212062412804
9223477589870379008
11529241434322370561
16717368413862756353
18014400158747852801
18338658094969126913
18419722579024445441
18439988700038275073
9221683193436956673
6917106816786627072
1729276704196656768
432319176049164192
108079794012291048
27019948503072762
6754987125768190
1688746781442046
422186695360510
105546673840126
26386668460031
6596667115007
1649166778751
412291694687
103072923671
4611686044195618821
14987979566331068417
17582052946864930816
18230571291998396416
18392700878281762816
18433233274852604416
18443366373995314816
18445899648780992416
18446532967477411817
18446691297151516667
18446730879570042879
18446740775174674430
18446743249075832318
18446743867551121790
18446744022169944158
18446744060824649750
18446744070488326148
18446744072904245248
18446744073508225024
18446744073659219968
18446744073696968704
18446744073706405889
18446744073708765185
9223372036854579201
6917529027641032705
1729382256910258177
432345564227564545
108086391056891137
27021597764222785
6755399441055697
1688849860263925
422212465065981
105553116266495
26388279066623
6597069766655
4611687667694829567
14987979972205871103
17582053048333631487
18230571317365571583
9169328847768780799
6904018230369583102
1726004557592395774
431501139398098942
107875284849524734
26968821212381182
6742205303095294
1685551325773822
421387831443455
105346957860863
26336739465215
6584184866303
1646046216575
411511554143
102877888535
25719472133
6429868033
1607467009
401866753
100466689
25116673
6279169
1569793
392449
98113
24529
6133
1532
382
94
22
4611686018427387908
14987979559889010688
17582052945254416385
18230571291595767809
18392700878181105665
18433233274827440129
18443366373989023745
18445899648779419649
18446532967477018625
18446691297151418369
18446730879570018305
18446740775174668289
18446743249075830785
18446743867551121409
18446744022169944065
18446744060824649728
18446744070488326144
18446744072904245248
18446744073508225024
18446744073659219968
18446744073696968704
9223372036851630080
6917529027640295424
1729382256910073856
432345564227518464
108086391056879616
4638707616191607808
14994734959330065664
17583741795114680128
18230993504060833744
9169434394442596340
6904044617038036988
1726011154259509246
431502788564877310
107875697141219326
26968924285304830
6742231071326206
1685557767831550
421389441957886
105347360489470
26336840122366
6584210030590
1646052507646
9223372448367902718
11529215148946751487
16717361842518851583
18014398515911876607
18338657684260132863
18419722476347196927
18439988674368962943
18445055223874404447
18446321861250764823
13834952502167467013
3458738125541866753
864684531385466688
216171132846366672
9277414820066367476
11542725741871367677
16720739490750005631
18015242927969665119
18338868787274579991
18419775252100808709
18440001868307365889
18445058522359005184
18446322685871915008
18446638726750142464
9223345700114923520
6917522443456118784
1729380610864029696
432345152716007424
108086288179001856
27021572044750464
6755393011187616
1688848252796904
422212063199226
9223477589870575614
11529241434322419710
16717368413862768638
18014400158747855870
18338658094969127678
18419722579024445630
18439988700038275118
9221683193436956682
6917106816786627074
1729276704196656768
432319176049164192
108079794012291048
27019948503072762
6754987125768190
1688746781442047
4612108205122748415
14988085106562850815
17582079331922876414
18230577888262882814
18392702527347884414
18433233687119134814
18443366477061947414
18445899674547650564
18446532973919076352
18446691298761932800
18446730879972646912
18446740775275325440
18446743249100995072
18446743867557412480
18446744022171516832
18446744060825042921
18446744070488424443
18446744072904269823
18446744073508231167
18446744073659221503
18446744073696969087
18446744073706405983
18446744073708765207
18446744073709355013
18446744073709502465
18446744073709539328
18446744073709548544
18446744073709550848
18446744073709551425
18446744073709551569
9223372036854775797
6917529027641081852
1729382256910270462
432345564227567614
108086391056891902
27021597764222974
6755399441055742
1688849860263934
422212465065982
105553116266494
26388279066622
6597069766654
1649267441662
412316860414
103079215102
25769803774
9223372043297226750
11529215047679082495
16717361817201934335
18014398509582647295
18338657682677825535
18419722475951620095
18439988674270068735
18445055223849680895
18446321861244583934
18446638520593309694
18446717685430491134
18446737476639786494
18446742424442110334
9223371624537915486
6917528924561866774
1729382231140466692
432345557785116672
108086389446279169
27021597361569793
6755399340392449
1688849835098113
422212458774529
105553114693633
26388278673409
6597069668353
1649267417089
412316854273
103079213568
25769803392
6442450848
1610612712
402653178
100663294
25165822
6291454
1572862
393214
98302
24574
6142
1534
382
94
22
4611686018427387908
14987979559889010688
17582052945254416384
18230571291595767808
18392700878181105664
18433233274827440128
18443366373989023744
18445899648779419648
9223160930622242816
6917476251082948608
1729369062770737152
432342265692684288
108085566423171072
27021391605792768
6755347901448192
1688836975362048
422209243840512
9223477589165735936
11529241434146209792
16717368413818716160
18014400158736842752
18338658094966374400
18419722579023757312
13828302681610715136
3457075670402678784
864268917600669696
216067229400167424
54016807350041856
13504201837510464
3376050459377616
9224216049469620212
11529426049222180860
12105728549160321022
3026432137290080254
756608034322520062
189152008580630014
47288002145157502
11822000536289374
2955500134072342
738875033518084
184718758379520
46179689594880
11544922398720
9223374923085375488
11529215767626119681
16717361997188693633
18014398554579337121
18338657693926997993
18419722478763913211
18439988674973142015
18445055224025449215
18446321861288526015
18446638520604295215
18446717685433237515
18446737476640473090
18446742424442281984
18446743661392734208
18446743970630347264
18446744047939750528
18446744067267101344
18446744072098939048
18446744073306898474
9223372036754112522
6917529027615916034
1729382256903979008
432345564225994752
108086391056498688
27021597764124672
6755399441031168
9225060886715033600
11529637258533534208
16717467369915547264
18014424897761050528
18338664279722426344
18419724125212770298
18439989086585356286
18445055326928502782
18446321887014289406
18446638527035736062
18446717687041097727
18446737477042438143
18446742424542773247
18446743661417857023
18446743970636627967
18446744047941320703
18446744067267493887
18446744072099037183
18446744073306923007
9223372036754118655
6917529027615917567
1729382256903979391
432345564225994847
108086391056498710
4638707616191512580
14994734959330041856
17583741795114674177
18230993504060832257
18392806431297371777
18433259663106506657
18443372971058790377
18445901298046861307
18446533379793879039
18446691400230633471
18446730905339822079
18446740781617119231
18446743250686443518
18446743867953774590
9223371985415831550
6917529014781345791
1729382253695336447
432345563423834111
108086390855958527
27021597713989631
6755399428497407
1688849857124351
422212464281087
105553116070271
26388279017567
6597069754391
1649267438597
412316859649
103079214912
25769803728
6442450932
1610612732
402653182
100663294
25165822
6291454
1572862
393214
98303
24575
6143
1535
383
9223372036854775903
11529215046068469783
16717361816799281157
18014398509481984001
18338657682652659713
18419722475945328641
18439988674268495873
18445055223849287681
18446321861244485633
13834952502165897217
3458738125541474305
864684531385368577
216171132846342145
9277414820066361345
11542725741871366144
16720739490750005248
18015242927969665024
18338868787274579968
13808089233673420800
3452022308418355200
863005577104588800
215751394276147200
53937848569036800
13484462142259200
3371115535564800
842778883891200
210694720972800
52673680243200
13168420060800
3292105015200
823026253800
205756563450
51439140862
12859785215
3214946303
803736575
200934143
50233535
12558383
3139595
784898
196224
49056
12264
4611686018427390970
14987979559889011454
17582052945254416575
18230571291595767855
9169328841326329867
6904018228758970370
1726004557189742592
431501139297435648
107875284824358912
26968821206089728
6742205301522432
1685551325380608
421387831345152
105346957836288
26336739459072
6584184864768
1646046216192
9223372448366329856
11529215148946358272
16717361842518753280
18014398515911852032
18338657684260126720
18419722476347195392
18439988674368962560
18445055223874404352
18446321861250764800
13834952502167467008
3458738125541866752
864684531385466688
216171132846366672
9277414820066367476
11542725741871367676
16720739490750005630
8791870891114889310
6809653741206110230
1702413435301527556
425603358825381888
106400839706345473
26600209926586369
6650052481646593
1662513120411649
415628280102912
103907070025728
25976767506432
6494191876608
1623547969152
405886992288
101471748072
25367937018
9223372043196760062
11529215047653965823
16717361817195655167
18014398509581077503
18338657682677433087
18419722475951521983
18439988674270044207
9221683186994898955
6917106815176112642
1729276703794028160
432319175948507040
108079793987126760
27019948496781690
6754987124195422
1688746781048855
4612108205122650117
14988085106562826241
17582079331922870273
18230577888262881281
18392702527347884033
18433233687119134721
18443366477061947393
18445899674547650561
18446532973919076353
18446691298761932801
18446730879972646913
9223368738420549633
6917528203032525313
1729382050758131329
432345512689532833
108086378172383208
27021594543095802
6755398635773950
1688849658943486
422212414735870
105553103683966
26388275920990
6597068980246
1649267245060
412316811264
103079202817
25769800705
6442450177
1610612544
4611686018830041040
5764607523134898164
6052837899211112444
1513209474802778110
378302368700694526
94575592175173630
23643898043793406
5910974510948350
1477743627737086
369435906934270
92358976733566
23089744183390
5772436045846
1443109011460
360777252864
90194313216
22548578304
5637144576
1409286144
352321536
88080384
22020096
5505024
1376256
344064
86017
21505
5377
1345
337
85
20
4
0
1
1
1
1
1
1
1
1
1
9223372036854775809
11529215046068469760
16717361816799281152
18014398509481984000
18338657682652659712
18419722475945328640
18439988674268495872
18445055223849287680
18446321861244485632
18446638520593285120
9223345648575709184
6917522430571315200
1729380607642828800
432345151910707200
108086287977676800
27021571994419200
6755392998604800
1688848249651200
4612108230489800704
5764713076049838080
6052864287439847425
1513216071859961857
378304017964990465
94576004491247617
23644001122811905
5911000280702977
1477750070175745
369437517543936
92359379385984
23089844846496
5772461211624
1443115302906
360778825726
90194706430
22548676606
9223372042491944958
11529215047477762047
16717361817151604223
18014398509570064767
18338657682674679903
18419722475950833687
18439988674269872133
18445055223849631745
18446321861244571648
18446638520593306624
18446717685430490368
18446737476639786304
18446742424442110288
9223371624537915476
6917528924561866773
6341068249567854597
15420325117674127361
17690139334700695552
18257592888957337600
18399456277521498112
18434922124662538240
18443788586447798272
18446005201894113280
18446559355755692032
18446697894221086720
18446732528837435392
9223369150636746752
6917528306086574592
1729382076521643648
9655717555985186720
11637301425851072488
16744383411744931834
18021153908218396670
18340346532336762878
18420144688366354430
18440094227373752318
18445081612125601790
18446328458313564159
18446640169860554751
18446718097747302399
18446737579718989311
13835056431784523135
3458764107946130783
864691026986532695
216172756746633173
54043189186658293
13510797296664572
3377699324166142
844424831041534
211106207760382
52776551940094
13194137985022
9223375335389272062
11529215870702093823
16717362022957687167
18014398561021585503
18338657695537560087
18419722479166553733
18439988675073802145
18445055224050614249
18446321861294817275
18446638520605868031
18446717685433630718
18446737476640571390
18446742424442306558
18446743661392740350
18446743970630348798
18446744047939750910
18446744067267101438
18446744072098939070
18446744073306898478
9223372036754112522
6917529027615916035
1729382256903979009
432345564225994753
108086391056498688
27021597764124672
6755399441031168
1688849860257792
422212465064448
105553116266112
26388279066528
6597069766632
1649267441658
412316860414
103079215102
25769803774
6442450942
1610612735
402653183
9223372036955439103
11529215046093635583
16717361816805572607
18014398509483556863
18338657682653052927
18419722475945426943
18439988674268520447
9221683186994518015
6917106815176017407
1729276703794004351
432319175948501087
108079793987125271
4638705966924169221
14994734547013206017
17583741692035465216
18230993478291030016
9169434388000145408
6904044615427424256
1726011153856856064
431502788464214016
107875697116053504
26968924279013376
6742231069753344
1685557767438336
421389441859585
105347360464897
26336840116225
6584210029057
1646052507265
411513126817
102878281704
25719570426
6429892606
1607473150
401868286
100467070
25116766
6279190
1569796
392448
98113
24529
6133
1533
383
95
23
4611686018427387909
14987979559889010689
17582052945254416384
18230571291595767808
18392700878181105664
9209861237972664320
6914151327920553984
1728537831980138496
432134457995034624
108033614498758656
27008403624689664
6752100906172416
1688025226543104
422006306635776
9223477538431434752
11529241421462634497
16717368410647822337
18014400157944119297
18338658094768193537
18419722578974212097
18439988700025716737
9221683193433817089
6917106816785842176
1729276704196460544
432319176049115136
108079794012278784
4638705966930457600
14994734547014778112
17583741692035858240
13619307459863740368
12628198901820710900
12380421762309953532
16930163495859652094
18067598929247076734
18351957787593932894
18423047502180646934
18440819930827325444
18445263037988995072
18446373814779412480
18446651508977016832
18446720932526417920
18446738288413768192
18446742627385605760
9223371675273789344
6917528937245835241
1729382234311458811
432345558577864703
108086389644466175
27021597411116543
6755399352779135
1688849838194783
422212459548695
4611791571542275077
14988005948167732481
17582059542324096832
18230572940863187920
9169329253643184884
6904018331838184125
1726004582959546031
431501145739886507
107875286434971626
26968821608742906
6742205402185726
1685551350546431
421387837636607
105346959409151
26336739852287
6584184963070
1646046240766
411511560190
102877890046
25719472510
6429868126
1607467030
401866756
100466688
25116672
6279168
1569792
392448
98112
24528
9223372036854781940
11529215046068471292
16717361816799281534
18014398509481984094
18338657682652659734
18419722475945328644
9216616637413720064
6915840177780817921
6340646062872592385
15420219571000311809
17690112948032241664
18257586292290224128
18399454628354719744
18434921712370843648
18443788483374874624
18446005176125882368
18446559349313634304
18446697892610572288
18446732528434806784
9223369150536089600
6917528306061410305
1729382076515352577
432345519128838145
108086379782209536
27021594945552384
6755398736388096
1688849684097024
422212421024256
105553105256064
26388276314016
6597069078504
1649267269626
412316817406
103079204351
25769801087
6442450271
1610612566
402653140
9223372036955439092
11529215046093635580
16717361816805572606
18014398509483556862
18338657682653052926
18419722475945426942
18439988674268520446
9221683186994518014
6917106815176017406
1729276703794004350
432319175948501086
108079793987125270
27019948496781316
6754987124195328
1688746781048832
422186695262208
9223477583528591360
11529241432736923648
16717368413466394624
18014400158648762368
18338658094944354304
18419722579018252288
13828302681609338880
3457075670402334720
864268917600583681
216067229400145921
54016807350036481
13504201837509121
3376050459377281
9224216049469620129
11529426049222180840
12105728549160321018
3026432137290080254
756608034322520063
189152008580630015
47288002145157503
11822000536289375
2955500134072343
738875033518085
184718758379521
46179689594881
11544922398721
2886230599681
721557649921
180389412481
45097353121
11274338281
2818584571
704646143
176161535
44040383
11010095
9223372036857528331
11529215046069157890
16717361816799453184
18014398509482027008
18338657682652670464
18419722475945331328
18439988674268496544
18445055223849287848
13834635842817097770
3458658960704274442
864664740176068611
216166185044017153
54041546261004289
13510386565251073
3377596641312769
844399160328193
9223583136644857857
11529267821015990272
16717375010536161280
18014401807916204032
18338658507261214720
18419722682097467392
18439988725806530560
18445055236733796352
18446321864465612800
9223266484543791104
6917502639563335680
1729375659890833920
432343914972708480
108085978743177120
27021494685794280
6755373671448570
1688843417862142
422210854465535
105552713616383
9223398425033179903
11529221643113070783
16717363466060431407
8791026884942495755
6809442739663011843
1702360684915752961
425590171228938241
106397542807234561
26599385701808641
6649846425452161
1662461606363041
415615401590761
103903850397691
25975962599423
6493990649855
1623497662463
9223372442729191423
11529215147537073662
16717361842166432126
18014398515823771742
18338657684238106647
18419722476341690373
18439988674367586305
18445055223874060289
18446321861250678785
18446638520594833409
18446717685430872065
18446737476639881728
18446742424442134144
18446743661392697248
18446743970630338024
13835058029512360314
3458764507378090078
864691126844522519
216172781711130629
54043195427782657
13510798856945664
3377699714236416
844424928559104
211106232139776
52776558034944
