18443372971058692097
18445901298046836737
18446533379793872897
18446691400230631937
18446730905339821697
18446740781617119137
18446743250686443497
18446743867953774587
18446744022270607359
18446744060849815550
18446744070494617598
18446744072905818110
18446744073508618238
18446744073659318270
18446744073696993278
18446744073706412030
18446744073708766718
18446744073709355390
18446744073709502558
18446744073709539350
13835058055282160644
3458764513820540160
864691128455135041
216172782113783761
9277415232383221749
11542725844950581244
16720739516519809022
18015242934412115966
18338868788885192702
18419775252503461886
18440001868408029182
18445058522384171006
18446322685878206462
18446638726751715326
18446717736970092542
18446737489524686846
18446742427663335422
9223371625343221758
6917528924763193342
1729382231190798334
432345557797699582
108086389449424894
27021597362356222
6755399340589054
1688849835147262
422212458786814
105553114696702
26388278674174
6597069668542
1649267417134
9223372449171630090
11529215149147683330
16717361842569084544
8791026479069659040
6809442638194802664
1702360659548700666
425590164887175166
106397541221793791
26599385305448447
6649846326362111
1662461581590527
415615395397631
103903848849407
25975962212351
6493990553087
1623497638271
405874409567
101468602391
25367150597
9223372043196563457
11529215047653916672
16717361817195642880
18014398509581074432
18338657682677432320
18419722475951521792
18439988674270044160
18445055223849674752
18446321861244582400
18446638520593309312
18446717685430491040
18446737476639786472
18446742424442110330
18446743661392691294
18446743970630336535
13835058029512359941
3458764507378089985
864691126844522497
216172781711130625
54043195427782657
13510798856945665
3377699714236417
844424928559105
211106232139777
52776558034945
13194139508737
9223375335389652993
11529215870702189057
16717362022957710977
18014398561021591457
18338657695537561576
18419722479166554106
18439988675073802238
18445055224050614270
18446321861294817278
18446638520605868030
18446717685433630718
18446737476640571390
18446742424442306558
18446743661392740350
18446743970630348798
18446744047939750910
18446744067267101438
18446744072098939071
13835058054879510575
12682136550574653451
12393906174498439171
16933534598906773505
18068441705008857089
18352168481534377985
18423100175665758209
18440833099198603265
18445266330081814529
18446374637802617345
18446651714732818049
18446720983965368225
18446738301273505769
18446742630600540155
18446743712932298751
18446743983515238399
18446744051160973311
18446744068072407039
18446744072300265471
18446744073357230079
18446744073621471231
18446744073687531519
18446744073704046591
18446744073708175359
18446744073709207551
18446744073709465599
18446744073709530111
18446744073709546239
18446744073709550271
18446744073709551279
18446744073709551531
18446744073709551594
18446744073709551610
18446744073709551614
18446744073709551615
18446744073709551615
18446744073709551615
18446744073709551615
18446744073709551615
18446744073709551615
18446744073709551615
18446744073709551615
18446744073709551615
9223372036854775807
6917529027641081854
1729382256910270462
432345564227567614
108086391056891902
27021597764222974
6755399441055742
1688849860263934
422212465065982
105553116266494
26388279066622
6597069766654
1649267441662
412316860414
103079215102
25769803774
6442450942
1610612734
4611686018830041086
5764607523134898174
6052837899211112447
1513209474802778111
378302368700694527
94575592175173631
23643898043793407
5910974510948351
1477743627737087
369435906934271
92358976733567
23089744183391
5772436045847
1443109011461
360777252865
90194313217
22548578305
9223372042491920385
11529215047477755904
16717361817151602688
18014398509570064384
18338657682674679808
18419722475950833664
18439988674269872128
18445055223849631744
18446321861244571648
18446638520593306624
18446717685430490368
18446737476639786304
18446742424442110288
9223371624537915476
6917528924561866773
6341068249567854597
15420325117674127361
17690139334700695552
18257592888957337600
18399456277521498112
18434922124662538240
18443788586447798272
18446005201894113280
18446559355755692032
18446697894221086720
18446732528837435392
9223369150636746752
6917528306086574592
1729382076521643648
9655717555985186720
11637301425851072488
16744383411744931834
18021153908218396670
18340346532336762878
18420144688366354430
18440094227373752318
18445081612125601790
18446328458313564158
18446640169860554750
18446718097747302398
18446737579718989310
13835056431784523134
3458764107946130782
864691026986532694
216172756746633172
54043189186658292
13510797296664573
3377699324166143
844424831041535
211106207760383
52776551940095
13194137985023
3298534496255
824633624063
206158406015
51539601503
12884900375
3221225093
805306273
201326569
50331643
12582911
3145726
786430
196606
49150
12286
3070
766
190
46
9223372036854775818
11529215046068469763
16717361816799281153
18014398509481984001
18338657682652659712
18419722475945328640
18439988674268495872
18445055223849287680
18446321861244485632
18446638520593285120
18446717685430484992
18446737476639784960
18446742424442109952
18446743661392691200
18446743970630336512
18446744047939747840
18446744067267100672
18446744072098938881
18446744073306898433
9223372036754112513
6917529027615916033
1729382256903979009
432345564225994753
108086391056498689
27021597764124673
6755399441031169
1688849860257793
422212465064449
105553116266113
26388279066529
6597069766633
4611687667694829563
14987979972205871103
17582053048333631486
18230571317365571582
9169328847768780798
6904018230369583102
1726004557592395774
431501139398098942
107875284849524734
26968821212381182
6742205303095294
1685551325773822
421387831443454
105346957860862
26336739465214
6584184866302
1646046216574
411511554142
102877888535
25719472133
6429868033
1607467009
401866753
100466689
25116673
6279169
1569793
392449
98113
24529
6133
1533
383
95
23
4611686018427387909
14987979559889010689
17582052945254416384
18230571291595767808
18392700878181105664
18433233274827440128
18443366373989023744
18445899648779419648
18446532967477018624
18446691297151418368
18446730879570018304
18446740775174668288
18446743249075830784
18446743867551121408
9223371985315168256
6917529014756179969
1729382253689044993
432345563422261249
108086390855565313
27021597713891329
6755399428472833
1688849857118209
422212464279553
105553116069889
26388279017473
6597069754369
4611687667694826497
14987979972205870337
17582053048333631297
13618885298938183633
12628093361589321717
12380395377252106237
16930156899595190271
18067597280180961279
18351957375327404031
18423047399114014719
18440819905060667391
18445263031547330559
18446373813168996351
18446651508574412799
18446720932425766911
18446738288388605439
18446742627379315071
9223371675272216671
6917528937245442070
1729382234311360516
432345558577840128
108086389644460032
27021597411115008
6755399352778752
1688849838194688
422212459548672
105553114887168
26388278721792
6597069680448
1649267420112
9223372449171630836
11529215149147683517
16717361842569084591
18014398515924434859
18338657684263272426
18419722476347981818
18439988674369159166
18445055223874453503
18446321861250777087
18446638520594857983
18446717685430878207
18446737476639883263
18446742424442134527
18446743661392697343
18446743970630338047
18446744047939748223
18446744067267100767
18446744072098938903
18446744073306898437
18446744073608888321
18446744073684385793
18446744073703260161
18446744073707978753
18446744073709158401
18446744073709453313
18446744073709527041
18446744073709545473
18446744073709550081
18446744073709551233
18446744073709551521
18446744073709551593
18446744073709551611
9223372036854775807
6917529027641081854
6341068275337658366
15420325124116578302
17690139336311308287
18257592889359990783
18399456277622161407
18434922124687704063
18443788586454089727
18446005201895686143
18446559355756085247
18446697894221185023
18446732528837459967
9223369150636752895
6917528306086576126
1729382076521644030
432345519130411006
108086379782602751
27021594945650687
6755398736412671
1688849684103167
422212421025791
105553105256447
26388276314111
6597069078527
1649267269631
412316817407
103079204351
25769801087
6442450271
1610612566
402653140
9223372036955439092
11529215046093635580
16717361816805572606
18014398509483556862
18338657682653052926
18419722475945426942
18439988674268520446
18445055223849293822
18446321861244487166
18446638520593285502
18446717685430485086
18446737476639784982
18446742424442109956
18446743661392691200
18446743970630336512
18446744047939747840
9223372030412324864
6917529026030469120
1729382256507617280
432345564126904320
108086391031726080
27021597757931520
6755399439482880
1688849859870720
422212464967680
105553116241920
26388279060480
6597069765120
1649267441280
9223372449171636128
11529215149147684841
12105675824141697019
3026418956035424255
756604739008856062
189151184752214014
47287796188053502
11821949047013374
2955487261753342
738871815438334
184717953859582
46179488464894
11544872116222
2886218029054
721554507262
180388626814
45097156702
11274289174
2818572292
704643072
176160768
44040192
11010048
2752512
688128
172032
43008
10752
2688
672
168
4611686018427387946
14987979559889010698
17582052945254416387
18230571291595767809
18392700878181105665
18433233274827440129
18443366373989023745
18445899648779419649
18446532967477018625
18446691297151418369
18446730879570018305
18446740775174668289
18446743249075830785
18446743867551121409
18446744022169944065
18446744060824649729
18446744070488326145
9223372036049469441
6917529027439755265
1729382256859938817
432345564214984705
108086391053746177
27021597763436545
6755399440859137
1688849860214785
422212465053697
105553116263425
9223398425133841665
11529221643138236225
16717363466066722769
8791026884944068597
6809442739663405053
1702360684915851263
425590171228962815
106397542807240703
26599385701810175
6649846425452543
1662461606363135
415615401590783
103903850397695
25975962599423
6493990649855
1623497662463
9223372442729191423
11529215147537073662
16717361842166432126
18014398515823771742
18338657684238106647
18419722476341690373
18439988674367586305
18445055223874060289
18446321861250678785
18446638520594833409
18446717685430872065
18446737476639881729
18446742424442134145
18446743661392697249
18446743970630338025
13835058029512360315
3458764507378090079
864691126844522518
216172781711130628
54043195427782656
13510798856945665
3377699714236417
844424928559105
211106232139777
52776558034945
13194139508737
3298534877185
824633719297
206158429825
51539607457
12884901865
3221225467
9223372037660082175
11529215046269796351
16717361816849612799
18014398509494566911
18338657682655805438
18419722475946115070
18439988674268692478
18445055223849336830
18446321861244497918
18446638520593288190
18446717685430485758
18446737476639785150
18446742424442109998
18446743661392691210
18446743970630336514
18446744047939747840
18446744067267100672
18446744072098938881
13835058054879510529
3458764513719877633
864691128429969409
216172782107492353
54043195526873089
13510798881718273
3377699720429569
844424930107393
211106232526849
52776558131713
13194139532929
3298534883233
824633720808
206158430202
9223372088394383358
11529215058953371647
16717361820020506623
18014398510287290367
18338657682853986303
18419722475995660287
18439988674281078783
18445055223852433407
18446321861245272063
18446638520593481727
18446717685430534143
18446737476639797247
18446742424442113023
18446743661392691967
18446743970630336703
18446744047939747887
18446744067267100683
18446744072098938882
18446744073306898432
18446744073608888320
18446744073684385792
18446744073703260160
18446744073707978752
18446744073709158400
18446744073709453312
18446744073709527040
18446744073709545472
18446744073709550080
18446744073709551232
9223372036854775712
6917529027641081833
1729382256910270459
432345564227567615
108086391056891903
27021597764222975
6755399441055743
1688849860263935
422212465065983
105553116266495
26388279066623
6597069766655
1649267441663
9223372449171636223
11529215149147684863
16717361842569084927
8791026479069659135
6809442638194802687
6314046677976088575
15413569724776185855
17688450486476210175
18257170676901216255
18399350724507467775
18434895736409030655
18443781989384421375
18446003552628269055
18446558943439230975
18446697791141971455
18446732503067656575
18446741181049077855
18446743350544433175
18446743892918272005
18446744028511731713
18446744062410096641
18446744070884687873
18446744073003335681
18446744073532997633
18446744073665413121
18446744073698516993
18446744073706792961
18446744073708861953
18446744073709379201
18446744073709508513
18446744073709540841
13835058055282161019
3458764513820540255
864691128455135062
216172782113783764
9277415232383221748
11542725844950581244
16720739516519809022
18015242934412115966
18338868788885192702
18419775252503461886
18440001868408029182
18445058522384171006
18446322685878206462
18446638726751715326
9223345700115316734
6917522443456217086
1729380610864054270
9655717189570789374
11637301334247473150
16744383388844031998
18021153902493171710
18340346530905456638
18420144688008527870
18440094227284295678
18445081612103237630
18446328458307973118
18446640169859156990
18446718097746952958
18446737579718901950
18446742450211889198
9223371630980360202
6917528926172477954
6341068249970507392
6196953080920014752
6160924288657391593
1540231072164347899
385057768041086975
96264442010271742
24066110502567934
6016527625641982
1504131906410494
376032976602622
94008244150654
23502061037662
5875515259414
1468878814852
367219703712
91804925928
22951231482
5737807870
1434451966
358612990
89653246
22413310
5603326
1400830
350206
87550
21886
5470
1366
340
9223372036854775892
11529215046068469780
12105675798371893252
3026418949592973312
756604737398243328
189151184349560832
47287796087390208
11821949021847552
2955487255461888
738871813865472
184717953466368
46179488366592
11544872091648
2886218022912
721554505728
180388626432
45097156608
11274289153
2818572289
704643073
176160769
44040193
11010049
2752513
688129
172033
43009
10753
2689
673
168
4611686018427387946
14987979559889010698
17582052945254416387
18230571291595767809
18392700878181105665
18433233274827440129
18443366373989023745
18445899648779419649
18446532967477018625
18446691297151418369
18446730879570018305
18446740775174668289
18446743249075830785
18446743867551121409
18446744022169944065
18446744060824649729
18446744070488326145
18446744072904245249
18446744073508225024
18446744073659219968
18446744073696968704
18446744073706405888
18446744073708765184
18446744073709355008
18446744073709502464
18446744073709539328
18446744073709548544
18446744073709550848
18446744073709551424
18446744073709551568
18446744073709551604
18446744073709551612
18446744073709551614
18446744073709551614
18446744073709551614
18446744073709551614
18446744073709551614
18446744073709551614
18446744073709551614
18446744073709551614
18446744073709551614
18446744073709551614
18446744073709551614
9223372036854775806
6917529027641081854
1729382256910270462
9655717601082343422
11637301437125361662
16744383414563504126
18021153908923039742
18340346532512923646
18420144688410394622
18440094227384762366
18445081612128354302
18446328458314252286
18446640169860726782
18446718097747345406
18446737579719000062
13835056431784525822
3458764107946131454
864691026986532862
4827858775174021118
15042022749075668990
17595563742551080958
18233948990919933950
18393545303012147198
18433444381035200510
18443419150540963838
18445912842917404670
18446536266011514878
18446692121785042430
18446731085728424318
18446740826714269790
18446743261960731158
18446743870772346500
18446744022975250336
18446744061025976296
18446744070538657786
9223372036062052350
6917529027442900991
1729382256860725247
432345564215181311
108086391053795327
27021597763448831
6755399440862207
1688849860215551
422212465053887
105553116263471
26388279065867
6597069766466
1649267441616
9223372449171636212
11529215149147684861
16717361842569084927
18014398515924434943
18338657684263272447
18419722476347981823
18439988674369159167
18445055223874453503
18446321861250777087
18446638520594857983
18446717685430878207
18446737476639883263
18446742424442134527
9223371624537921535
6917528924561868287
1729382231140467071
9655717594639892575
11637301435514748950
16744383414160850948
18021153908822376448
18340346532487757824
18420144688404103168
18440094227383189504
18445081612127961088
18446328458314153984
18446640169860702208
18446718097747339264
18446737579718998528
18446742450211913344
18446743667835142048
18446743972240949224
18446744048342401018
9223372030512988158
6917529026055634943
1729382256513908735
432345564128477183
108086391032119295
27021597758029823
6755399439507455
1688849859876863
422212464969215
105553116242303
26388279060575
6597069765143
1649267441285
9223372449171636129
11529215149147684840
16717361842569084922
18014398515924434942
18338657684263272447
18419722476347981823
18439988674369159167
18445055223874453503
18446321861250777087
18446638520594857983
18446717685430878207
18446737476639883263
18446742424442134527
18446743661392697343
18446743970630338047
18446744047939748223
18446744067267100767
18446744072098938902
18446744073306898436
18446744073608888320
18446744073684385793
18446744073703260161
18446744073707978753
18446744073709158401
18446744073709453313
18446744073709527041
18446744073709545473
18446744073709550081
18446744073709551233
18446744073709551521
18446744073709551592
18446744073709551610
18446744073709551614
18446744073709551614
18446744073709551614
18446744073709551614
18446744073709551614
18446744073709551614
18446744073709551614
18446744073709551614
18446744073709551614
18446744073709551614
18446744073709551614
18446744073709551614
13835058055282163710
3458764513820540926
864691128455135230
4827858800541171710
5818650718562680830
6066348698068058111
1516587174517014527
379146793629253631
94786698407313407
23696674601828351
5924168650457087
1481042162614271
370260540653567
92565135163391
23141283790847
5785320947711
1446330236927
361582559231
90395639807
22598909951
5649727487
1412431871
353107967
88276991
22069247
5517311
1379327
344831
86207
21551
5387
1346
336
9223372036854775892
11529215046068469781
12105675798371893253
3026418949592973313
756604737398243328
189151184349560832
47287796087390208
11821949021847552
2955487255461888
738871813865472
184717953466368
46179488366592
11544872091648
2886218022912
721554505728
180388626432
45097156608
11274289152
2818572288
704643072
176160768
44040192
11010048
2752512
688128
172032
43008
10752
4611686018427390592
5764607523034235552
