18446744073709551614
18446744073709551614
18446744073709551614
18446744073709551614
18446744073709551614
18446744073709551614
18446744073709551614
18446744073709551614
18446744073709551614
18446744073709551614
18446744073709551614
18446744073709551614
18446744073709551614
18446744073709551614
9223372036854775806
6917529027641081854
1729382256910270462
432345564227567614
108086391056891902
27021597764222974
6755399441055742
1688849860263934
422212465065982
105553116266494
26388279066622
6597069766654
1649267441662
412316860414
103079215102
25769803774
6442450942
1610612734
402653182
100663294
25165822
6291454
1572862
393214
98302
24574
6142
1534
382
94
22
4
0
0
0
0
0
0
0
0
0
0
0
0
0
0
0
0
0
0
0
0
0
0
0
0
0
0
0
0
0
9223372036854775808
11529215046068469760
16717361816799281152
18014398509481984000
18338657682652659712
18419722475945328640
18439988674268495872
18445055223849287680
18446321861244485632
18446638520593285120
18446717685430484992
18446737476639784960
18446742424442109952
18446743661392691200
18446743970630336512
18446744047939747840
18446744067267100672
18446744072098938880
18446744073306898432
18446744073608888320
18446744073684385792
18446744073703260160
18446744073707978752
18446744073709158400
18446744073709453312
18446744073709527040
18446744073709545472
18446744073709550080
18446744073709551232
18446744073709551520
18446744073709551592
18446744073709551610
18446744073709551614
18446744073709551614
18446744073709551614
18446744073709551614
18446744073709551614
18446744073709551614
18446744073709551614
18446744073709551614
18446744073709551614
18446744073709551614
18446744073709551614
18446744073709551614
18446744073709551614
18446744073709551614
18446744073709551614
18446744073709551614
18446744073709551614
18446744073709551614
18446744073709551614
18446744073709551614
18446744073709551614
18446744073709551614
18446744073709551614
18446744073709551614
18446744073709551614
18446744073709551614
18446744073709551614
18446744073709551614
18446744073709551614
18446744073709551614
18446744073709551615
18446744073709551615
18446744073709551615
18446744073709551615
18446744073709551615
18446744073709551615
18446744073709551615
18446744073709551615
18446744073709551615
18446744073709551615
18446744073709551615
18446744073709551615
18446744073709551615
18446744073709551615
13835058055282163711
3458764513820540927
864691128455135231
216172782113783807
54043195528445951
13510798882111487
3377699720527871
844424930131967
211106232532991
52776558133247
13194139533311
3298534883327
824633720831
206158430207
51539607551
12884901887
3221225471
805306367
201326591
50331647
12582911
3145727
786431
196607
49151
12287
3071
767
191
47
11
2
0
0
0
0
0
0
0
0
0
0
0
0
0
0
0
0
0
0
0
0
0
0
0
0
0
0
0
0
0
4611686018427387904
14987979559889010688
17582052945254416384
18230571291595767808
18392700878181105664
18433233274827440128
18443366373989023744
18445899648779419648
18446532967477018624
18446691297151418368
18446730879570018304
18446740775174668288
18446743249075830784
18446743867551121408
18446744022169944064
18446744060824649728
18446744070488326144
18446744072904245248
18446744073508225024
18446744073659219968
18446744073696968704
18446744073706405888
18446744073708765184
18446744073709355008
18446744073709502464
18446744073709539328
18446744073709548544
18446744073709550848
18446744073709551424
18446744073709551568
9223372036854775796
6917529027641081853
1729382256910270463
432345564227567615
108086391056891903
27021597764222975
6755399441055743
1688849860263935
422212465065983
105553116266495
26388279066623
6597069766655
1649267441663
412316860415
103079215103
25769803775
6442450943
1610612735
402653183
100663295
25165823
6291455
1572863
393215
98303
24575
6143
1535
383
95
23
5
1
0
0
0
0
0
0
0
0
0
0
0
0
0
0
0
0
0
0
0
0
0
0
0
0
0
0
0
0
0
1
1
1
1
1
1
1
1
1
1
1
1
1
1
1
1
1
1
1
1
1
1
1
1
1
1
1
1
1
1
1
1
1
1
1
1
1
1
1
1
1
1
1
1
1
0
0
0
0
0
0
0
0
0
0
0
0
0
0
0
0
0
0
0
0
0
0
0
0
0
0
0
0
0
0
0
0
0
0
0
0
0
0
0
0
0
0
0
0
0
0
0
0
0
0
0
0
0
0
0
0
0
0
0
0
9223372036854775808
11529215046068469761
16717361816799281153
18014398509481984001
18338657682652659713
18419722475945328641
18439988674268495873
18445055223849287681
18446321861244485633
18446638520593285121
18446717685430484993
18446737476639784961
18446742424442109953
18446743661392691201
18446743970630336513
18446744047939747841
18446744067267100673
18446744072098938881
18446744073306898433
18446744073608888321
18446744073684385793
18446744073703260161
18446744073707978753
18446744073709158401
18446744073709453313
18446744073709527041
18446744073709545473
18446744073709550081
18446744073709551233
18446744073709551521
18446744073709551593
18446744073709551611
18446744073709551615
18446744073709551615
18446744073709551615
18446744073709551615
18446744073709551615
18446744073709551615
18446744073709551615
18446744073709551615
18446744073709551615
18446744073709551615
18446744073709551615
18446744073709551615
18446744073709551615
9223372036854775807
6917529027641081855
1729382256910270463
432345564227567615
108086391056891903
27021597764222975
6755399441055743
1688849860263935
422212465065983
105553116266495
26388279066623
6597069766655
1649267441663
412316860415
103079215103
25769803775
6442450943
1610612734
402653182
100663294
25165822
6291454
1572862
393214
98302
24574
6142
1534
382
94
22
4
0
1
1
1
1
1
1
1
1
1
1
1
1
1
1
1
1
1
1
1
1
1
1
1
1
1
1
1
1
9223372036854775809
11529215046068469760
16717361816799281152
18014398509481984000
18338657682652659712
18419722475945328640
18439988674268495872
18445055223849287680
18446321861244485632
18446638520593285120
18446717685430484992
18446737476639784960
18446742424442109952
18446743661392691200
18446743970630336512
18446744047939747840
18446744067267100672
18446744072098938880
18446744073306898432
18446744073608888320
18446744073684385792
18446744073703260160
18446744073707978752
18446744073709158400
18446744073709453312
18446744073709527040
18446744073709545472
18446744073709550080
18446744073709551232
18446744073709551520
18446744073709551592
13835058055282163706
3458764513820540926
864691128455135231
216172782113783807
54043195528445951
13510798882111487
3377699720527871
844424930131967
211106232532991
52776558133247
13194139533311
3298534883327
824633720831
206158430207
51539607551
12884901887
3221225471
805306367
201326591
50331647
12582911
3145727
786431
196607
49151
12287
3071
767
191
47
9223372036854775819
11529215046068469763
16717361816799281153
18014398509481984001
18338657682652659713
18419722475945328641
18439988674268495873
18445055223849287681
18446321861244485633
18446638520593285121
18446717685430484993
18446737476639784961
18446742424442109953
18446743661392691201
18446743970630336513
18446744047939747841
18446744067267100673
18446744072098938881
18446744073306898433
18446744073608888321
18446744073684385793
18446744073703260161
18446744073707978753
18446744073709158401
18446744073709453313
18446744073709527041
18446744073709545473
18446744073709550081
18446744073709551233
18446744073709551521
18446744073709551593
18446744073709551611
18446744073709551615
18446744073709551614
18446744073709551614
18446744073709551614
18446744073709551614
18446744073709551614
18446744073709551614
18446744073709551614
18446744073709551614
18446744073709551614
18446744073709551614
18446744073709551614
18446744073709551614
9223372036854775806
6917529027641081854
1729382256910270462
432345564227567614
108086391056891902
27021597764222974
6755399441055742
1688849860263934
422212465065982
105553116266494
26388279066622
6597069766654
1649267441662
412316860414
103079215102
25769803774
6442450942
1610612735
402653183
100663295
25165823
6291455
1572863
393215
98303
24575
6143
1535
383
95
23
5
1
1
1
1
1
1
1
1
1
1
1
1
1
1
1
1
1
1
1
1
1
1
1
1
1
1
1
1
1
9223372036854775809
11529215046068469760
16717361816799281152
18014398509481984000
18338657682652659712
18419722475945328640
18439988674268495872
18445055223849287680
18446321861244485632
18446638520593285120
18446717685430484992
18446737476639784960
18446742424442109952
18446743661392691200
18446743970630336512
18446744047939747840
18446744067267100672
18446744072098938880
18446744073306898432
18446744073608888320
18446744073684385792
18446744073703260160
18446744073707978752
18446744073709158400
18446744073709453312
18446744073709527040
18446744073709545472
18446744073709550080
18446744073709551232
18446744073709551520
18446744073709551592
18446744073709551610
18446744073709551614
18446744073709551614
18446744073709551614
18446744073709551614
18446744073709551614
18446744073709551614
18446744073709551614
18446744073709551614
18446744073709551614
18446744073709551614
18446744073709551614
18446744073709551614
18446744073709551614
18446744073709551614
18446744073709551614
18446744073709551614
18446744073709551614
18446744073709551614
18446744073709551614
18446744073709551614
18446744073709551614
18446744073709551614
18446744073709551614
18446744073709551614
18446744073709551614
18446744073709551614
18446744073709551614
18446744073709551614
18446744073709551614
9223372036854775806
6917529027641081854
1729382256910270462
432345564227567614
108086391056891902
27021597764222974
6755399441055742
1688849860263934
422212465065982
105553116266494
26388279066622
6597069766654
1649267441662
412316860414
103079215102
4611686044197191678
14987979566331461630
17582052946865029118
18230571291998420990
18392700878281768958
18433233274852605950
18443366373995315198
18445899648780992510
18446532967477411838
18446691297151516670
18446730879570042878
18446740775174674430
18446743249075832318
18446743867551121790
18446744022169944158
18446744060824649750
18446744070488326148
18446744072904245248
18446744073508225024
18446744073659219968
18446744073696968704
18446744073706405888
18446744073708765184
18446744073709355008
18446744073709502464
18446744073709539328
18446744073709548544
18446744073709550848
18446744073709551424
18446744073709551568
9223372036854775796
6917529027641081853
1729382256910270463
432345564227567615
108086391056891903
27021597764222975
6755399441055743
1688849860263935
422212465065983
105553116266495
26388279066623
6597069766655
1649267441663
412316860415
103079215103
25769803775
6442450943
1610612734
402653182
100663294
25165822
6291454
1572862
393214
98302
24574
6142
1534
382
94
22
4611686018427387908
14987979559889010688
17582052945254416385
18230571291595767809
18392700878181105665
18433233274827440129
18443366373989023745
18445899648779419649
18446532967477018625
18446691297151418369
18446730879570018305
18446740775174668289
18446743249075830785
18446743867551121409
18446744022169944065
18446744060824649729
18446744070488326145
18446744072904245249
18446744073508225025
18446744073659219969
18446744073696968705
18446744073706405889
18446744073708765185
18446744073709355009
18446744073709502465
18446744073709539329
18446744073709548545
18446744073709550849
18446744073709551425
18446744073709551569
18446744073709551605
18446744073709551613
18446744073709551615
18446744073709551615
18446744073709551615
18446744073709551615
18446744073709551615
18446744073709551615
18446744073709551615
18446744073709551615
18446744073709551615
18446744073709551615
18446744073709551615
18446744073709551615
18446744073709551615
18446744073709551615
18446744073709551615
18446744073709551615
18446744073709551615
18446744073709551615
18446744073709551615
18446744073709551615
18446744073709551615
18446744073709551615
18446744073709551615
18446744073709551615
18446744073709551615
18446744073709551615
18446744073709551615
18446744073709551615
18446744073709551615
13835058055282163711
3458764513820540927
864691128455135231
216172782113783807
54043195528445951
13510798882111487
3377699720527871
844424930131967
211106232532991
52776558133247
13194139533311
3298534883327
824633720831
206158430207
51539607551
12884901887
3221225471
805306367
201326591
50331647
12582911
3145727
786431
196607
49151
12287
3071
767
191
47
9223372036854775819
11529215046068469762
16717361816799281152
18014398509481984000
18338657682652659712
18419722475945328640
18439988674268495872
18445055223849287680
18446321861244485632
18446638520593285120
18446717685430484992
18446737476639784960
18446742424442109952
18446743661392691200
18446743970630336512
18446744047939747840
18446744067267100672
18446744072098938880
18446744073306898432
18446744073608888320
18446744073684385792
18446744073703260160
18446744073707978752
18446744073709158400
18446744073709453312
18446744073709527040
18446744073709545472
18446744073709550080
18446744073709551232
18446744073709551520
18446744073709551592
18446744073709551610
18446744073709551614
18446744073709551615
18446744073709551615
18446744073709551615
18446744073709551615
18446744073709551615
18446744073709551615
18446744073709551615
18446744073709551615
18446744073709551615
18446744073709551615
18446744073709551615
18446744073709551615
9223372036854775807
6917529027641081854
1729382256910270462
432345564227567614
108086391056891902
27021597764222974
6755399441055742
1688849860263934
422212465065982
105553116266494
26388279066622
6597069766654
1649267441662
412316860414
103079215102
25769803774
6442450942
1610612735
402653183
100663295
25165823
6291455
1572863
393215
98303
24575
6143
1535
383
95
23
5
1
1
1
1
1
1
1
1
1
1
1
1
1
1
1
1
1
1
1
1
1
1
1
1
1
1
1
1
1
1
1
1
1
1
1
1
1
