1688849860263935
422212465065983
105553116266495
26388279066623
6597069766655
1649267441663
412316860415
103079215103
25769803775
9223372043297226751
11529215047679082495
16717361817201934335
18014398509582647295
18338657682677825535
18419722475951620095
18439988674270068735
18445055223849680895
18446321861244583935
18446638520593309695
18446717685430491135
18446737476639786495
18446742424442110335
18446743661392691295
18446743970630336534
18446744047939747844
18446744067267100672
18446744072098938880
18446744073306898432
18446744073608888320
18446744073684385792
18446744073703260160
18446744073707978752
18446744073709158400
18446744073709453312
18446744073709527040
18446744073709545472
18446744073709550080
18446744073709551232
18446744073709551520
18446744073709551592
13835058055282163706
3458764513820540926
864691128455135231
216172782113783807
54043195528445951
13510798882111487
3377699720527871
844424930131967
211106232532991
52776558133247
13194139533311
3298534883327
824633720831
206158430207
9223372088394383359
11529215058953371646
16717361820020506622
18014398510287290366
18338657682853986302
18419722475995660286
18439988674281078782
18445055223852433406
18446321861245272062
18446638520593481726
18446717685430534142
18446737476639797246
18446742424442113022
18446743661392691966
18446743970630336702
13835058029512359982
12682136544232865802
12393906172912992258
16933534598510411776
18068441704909766656
18352168481509605376
18423100175659565056
18440833099197054976
18445266330081427456
18446374637802520576
18446651714732793856
18446720983965362176
18446738301273504256
18446742630600539776
9223371676077522848
6917528937446768617
1729382234361692155
432345558590423039
108086389647605759
27021597411901439
6755399352975359
1688849838243839
422212459560959
105553114890239
26388278722559
6597069680639
1649267420159
412316855039
103079213759
25769803439
6442450859
1610612714
402653178
100663294
25165823
6291455
1572863
393215
98303
24575
6143
1535
383
95
23
5
1
1
1
1
1
1
1
1
1
1
1
1
1
9223372036854775809
11529215046068469761
12105675798371893249
3026418949592973313
756604737398243328
189151184349560832
47287796087390208
11821949021847552
2955487255461888
738871813865472
184717953466368
46179488366592
11544872091648
2886218022912
721554505728
180388626432
45097156608
11274289153
2818572289
704643073
176160769
44040193
11010049
2752513
688129
172033
43009
10753
2689
673
169
43
9223372036854775819
11529215046068469763
16717361816799281153
18014398509481984001
18338657682652659713
18419722475945328641
18439988674268495873
18445055223849287681
18446321861244485633
18446638520593285121
18446717685430484993
18446737476639784961
18446742424442109953
18446743661392691201
18446743970630336513
18446744047939747841
9223372030412324865
6917529026030469121
1729382256507617281
432345564126904321
108086391031726081
27021597757931521
6755399439482881
1688849859870721
422212464967681
105553116241921
26388279060481
6597069765121
1649267441281
9223372449171636129
11529215149147684840
12105675824141697018
3026418956035424254
756604739008856063
189151184752214015
47287796188053503
11821949047013375
2955487261753343
738871815438335
184717953859583
46179488464895
11544872116223
2886218029055
721554507263
180388626815
45097156703
11274289175
2818572293
704643073
176160769
44040193
11010049
2752513
688129
172033
43009
10753
2689
673
169
4611686018427387947
14987979559889010699
17582052945254416386
18230571291595767808
18392700878181105664
18433233274827440128
18443366373989023744
18445899648779419648
18446532967477018624
18446691297151418368
18446730879570018304
18446740775174668288
18446743249075830784
18446743867551121408
18446744022169944064
18446744060824649728
18446744070488326144
9223372036049469440
6917529027439755264
1729382256859938816
432345564214984704
108086391053746176
27021597763436544
6755399440859136
1688849860214784
422212465053696
105553116263424
26388279065856
6597069766464
1649267441616
9223372449171636212
11529215149147684860
16717361842569084926
18014398515924434942
18338657684263272446
18419722476347981822
18439988674369159166
18445055223874453502
18446321861250777086
18446638520594857982
18446717685430878206
18446737476639883262
18446742424442134526
18446743661392697342
18446743970630338046
18446744047939748222
18446744067267100766
18446744072098938903
18446744073306898437
18446744073608888321
18446744073684385793
18446744073703260161
18446744073707978753
18446744073709158401
18446744073709453313
18446744073709527041
18446744073709545473
18446744073709550081
18446744073709551233
18446744073709551521
18446744073709551593
18446744073709551611
18446744073709551615
18446744073709551614
18446744073709551614
18446744073709551614
18446744073709551614
18446744073709551614
18446744073709551614
18446744073709551614
18446744073709551614
18446744073709551614
18446744073709551614
18446744073709551614
18446744073709551614
9223372036854775806
6917529027641081854
1729382256910270462
432345564227567614
108086391056891903
27021597764222975
6755399441055743
1688849860263935
422212465065983
105553116266495
26388279066623
6597069766655
1649267441663
412316860415
103079215103
25769803775
6442450943
1610612734
4611686018830041086
14987979559989673982
17582052945279582206
18230571291602059262
18392700878182678526
18433233274827833342
18443366373989122046
18445899648779444222
18446532967477024766
18446691297151419902
18446730879570018686
18446740775174668382
18446743249075830806
18446743867551121412
9223371985315168256
6917529014756179969
1729382253689044993
432345563422261249
108086390855565313
27021597713891329
6755399428472833
1688849857118209
422212464279553
105553116069889
26388279017473
6597069754369
1649267438593
412316859649
103079214913
25769803729
6442450933
1610612732
402653182
100663294
25165822
6291454
1572862
393214
98302
24574
6142
1534
382
9223372036854775902
11529215046068469783
16717361816799281157
18014398509481984001
18338657682652659713
18419722475945328641
18439988674268495873
18445055223849287681
18446321861244485633
18446638520593285121
18446717685430484993
18446737476639784961
18446742424442109953
18446743661392691201
18446743970630336513
18446744047939747841
9223372030412324865
6917529026030469121
6341068274935005185
15420325124015915009
17690139336286142465
18257592889353699329
18399456277620588545
18434922124687310849
18443788586453991425
18446005201895661569
18446559355756079105
18446697894221183489
18446732528837459585
18446741187491528609
18446743352155045865
18446743893320925179
18446744028612395007
18446744062435262463
18446744070890979327
18446744073004908543
18446744073533390847
18446744073665511423
18446744073698541567
18446744073706799103
18446744073708863487
18446744073709379583
18446744073709508607
18446744073709540863
18446744073709548927
18446744073709550943
18446744073709551447
18446744073709551573
9223372036854775797
6917529027641081853
1729382256910270463
432345564227567615
108086391056891903
27021597764222975
6755399441055743
1688849860263935
422212465065983
105553116266495
26388279066623
6597069766655
1649267441663
9223372449171636223
11529215149147684863
16717361842569084927
18014398515924434943
18338657684263272447
18419722476347981823
18439988674369159167
18445055223874453503
18446321861250777087
18446638520594857983
18446717685430878207
18446737476639883263
18446742424442134527
18446743661392697343
18446743970630338047
13835058029512360319
12682136544232865887
12393906172912992278
16933534598510411780
18068441704909766656
18352168481509605377
18423100175659565057
18440833099197054977
18445266330081427457
18446374637802520577
18446651714732793857
18446720983965362177
18446738301273504257
18446742630600539777
18446743712932298657
18446743983515238377
18446744051160973307
18446744068072407039
18446744072300265471
18446744073357230079
18446744073621471231
18446744073687531519
18446744073704046591
18446744073708175359
18446744073709207551
18446744073709465599
18446744073709530111
18446744073709546239
18446744073709550271
18446744073709551279
9223372036854775723
6917529027641081834
6341068275337658362
15420325124116578302
17690139336311308286
18257592889359990782
18399456277622161406
18434922124687704062
18443788586454089726
18446005201895686142
18446559355756085246
18446697894221185022
18446732528837459966
18446741187491528702
18446743352155045886
18446743893320925182
18446744028612395006
18446744062435262463
18446744070890979327
18446744073004908543
18446744073533390847
18446744073665511423
18446744073698541567
18446744073706799103
18446744073708863487
18446744073709379583
18446744073709508607
18446744073709540863
18446744073709548927
18446744073709550943
18446744073709551447
13835058055282163669
3458764513820540917
864691128455135228
216172782113783806
54043195528445950
13510798882111486
3377699720527870
844424930131966
211106232532990
52776558133246
13194139533310
3298534883326
824633720830
206158430206
51539607550
12884901886
3221225470
805306366
201326591
50331647
12582911
3145727
786431
196607
49151
12287
3071
767
191
47
11
3
1
1
1
1
1
1
1
1
1
1
1
1
1
1
9223372036854775809
11529215046068469761
16717361816799281153
18014398509481984001
18338657682652659713
18419722475945328641
18439988674268495873
18445055223849287681
18446321861244485633
18446638520593285121
18446717685430484993
18446737476639784961
18446742424442109953
18446743661392691201
18446743970630336513
13835058029512359937
3458764507378089985
864691126844522497
216172781711130625
54043195427782657
13510798856945665
3377699714236417
844424928559105
211106232139777
52776558034945
13194139508737
3298534877185
824633719297
206158429825
51539607457
12884901865
3221225467
9223372037660082175
11529215046269796350
16717361816849612798
18014398509494566910
18338657682655805438
18419722475946115070
18439988674268692478
18445055223849336830
18446321861244497918
18446638520593288190
18446717685430485758
18446737476639785150
18446742424442109998
9223371624537915402
6917528924561866755
1729382231140466689
432345557785116673
108086389446279169
27021597361569793
6755399340392449
1688849835098113
422212458774529
105553114693633
26388278673409
6597069668353
1649267417089
412316854273
103079213569
25769803393
9223372043297226657
11529215047679082472
16717361817201934330
18014398509582647294
18338657682677825534
18419722475951620094
18439988674270068734
18445055223849680894
18446321861244583934
18446638520593309694
18446717685430491134
18446737476639786494
18446742424442110334
18446743661392691294
18446743970630336534
18446744047939747844
9223372030412324864
6917529026030469121
1729382256507617281
432345564126904321
108086391031726081
27021597757931521
6755399439482881
1688849859870721
422212464967681
105553116241921
26388279060481
6597069765121
1649267441281
9223372449171636129
11529215149147684840
16717361842569084922
18014398515924434942
18338657684263272447
18419722476347981823
18439988674369159167
18445055223874453503
18446321861250777087
18446638520594857983
18446717685430878207
18446737476639883263
18446742424442134527
18446743661392697343
18446743970630338047
18446744047939748223
18446744067267100767
18446744072098938902
18446744073306898436
18446744073608888320
18446744073684385793
18446744073703260161
18446744073707978753
18446744073709158401
18446744073709453313
18446744073709527041
18446744073709545473
18446744073709550081
18446744073709551233
18446744073709551521
18446744073709551593
18446744073709551611
18446744073709551615
18446744073709551615
18446744073709551615
18446744073709551615
18446744073709551615
18446744073709551615
18446744073709551615
18446744073709551615
18446744073709551615
18446744073709551615
18446744073709551615
18446744073709551615
18446744073709551615
18446744073709551615
18446744073709551615
13835058055282163711
12682136550675316735
12393906174523604990
16933534598913064958
18068441705010429950
18352168481534771198
18423100175665856510
18440833099198627838
18445266330081820670
18446374637802618878
18446651714732818430
18446720983965368318
18446738301273505790
18446742630600540158
18446743712932298750
18446743983515238398
18446744051160973310
18446744068072407038
18446744072300265470
18446744073357230078
18446744073621471230
18446744073687531518
18446744073704046590
18446744073708175358
18446744073709207550
18446744073709465598
18446744073709530110
18446744073709546238
18446744073709550270
18446744073709551278
9223372036854775722
6917529027641081835
6341068275337658363
15420325124116578303
17690139336311308286
18257592889359990782
18399456277622161406
18434922124687704062
18443788586454089726
18446005201895686142
18446559355756085246
18446697894221185022
18446732528837459966
18446741187491528702
18446743352155045886
18446743893320925182
18446744028612395006
18446744062435262462
18446744070890979326
18446744073004908542
18446744073533390846
18446744073665511422
18446744073698541566
18446744073706799102
18446744073708863486
18446744073709379582
18446744073709508606
18446744073709540862
18446744073709548926
9223372036854775134
6917529027641081686
6341068275337658324
6196953087261802484
6160924290242838525
1540231072560709631
385057768140177407
96264442035044351
24066110508761087
6016527627190271
1504131906797567
376032976699391
94008244174847
23502061043711
5875515260927
1468878815231
9223372404074479615
11529215137873395710
16717361839750512638
18014398515219791870
18338657684087111678
18419722476303941630
18439988674358149118
18445055223871700990
18446321861250088958
18446638520594685950
18446717685430835198
18446737476639872510
18446742424442131838
18446743661392696670
18446743970630337878
13835058029512360276
3458764507378090068
864691126844522517
216172781711130629
54043195427782657
13510798856945664
3377699714236416
844424928559104
211106232139776
52776558034944
13194139508736
3298534877184
824633719296
206158429824
51539607456
12884901864
3221225466
9223372037660082174
11529215046269796350
16717361816849612798
18014398509494566910
18338657682655805438
18419722475946115070
18439988674268692478
18445055223849336830
18446321861244497918
18446638520593288190
18446717685430485758
18446737476639785150
18446742424442109998
18446743661392691210
18446743970630336514
18446744047939747840
18446744067267100672
18446744072098938881
18446744073306898433
18446744073608888321
18446744073684385793
18446744073703260161
18446744073707978753
18446744073709158401
18446744073709453313
18446744073709527041
18446744073709545473
18446744073709550081
18446744073709551233
18446744073709551521
18446744073709551592
18446744073709551610
18446744073709551614
18446744073709551614
18446744073709551614
18446744073709551614
18446744073709551614
18446744073709551614
18446744073709551614
18446744073709551614
18446744073709551614
18446744073709551614
18446744073709551614
18446744073709551614
18446744073709551614
18446744073709551614
18446744073709551614
18446744073709551614
18446744073709551614
18446744073709551614
18446744073709551614
18446744073709551614
18446744073709551614
18446744073709551614
18446744073709551614
18446744073709551614
18446744073709551614
18446744073709551614
18446744073709551614
18446744073709551614
18446744073709551614
9223372036854775806
6917529027641081855
1729382256910270463
432345564227567615
108086391056891903
27021597764222975
6755399441055743
1688849860263935
422212465065983
105553116266495
26388279066623
6597069766655
1649267441663
9223372449171636223
11529215149147684863
16717361842569084927
18014398515924434943
18338657684263272447
18419722476347981823
18439988674369159167
18445055223874453503
18446321861250777087
18446638520594857983
18446717685430878207
18446737476639883263
18446742424442134527
18446743661392697343
18446743970630338047
18446744047939748223
9223372030412324959
6917529026030469142
1729382256507617284
432345564126904320
108086391031726080
27021597757931520
6755399439482880
1688849859870720
422212464967680
105553116241920
26388279060480
6597069765120
1649267441280
412316860320
103079215080
4611686044197191674
14987979566331461630
17582052946865029119
18230571291998420991
18392700878281768959
18433233274852605951
18443366373995315199
18445899648780992511
18446532967477411839
18446691297151516671
18446730879570042879
18446740775174674431
18446743249075832319
18446743867551121791
9223371985315168351
6917529014756179991
1729382253689044997
9655717600277037057
11637301436924035073
16744383414513172481
18021153908910456833
18340346532509777921
18420144688409608193
18440094227384565761
18445081612128305153
18446328458314240001
18446640169860723713
18446718097747344641
18446737579718999873
18446742450211913681
9223371630980366325
6917528926172479485
6341068249970507775
15420325117774790655
17690139334725861375
18257592888963629055
18399456277523070975
18434922124662931455
18443788586447896575
18446005201894137855
18446559355755698175
18446697894221088255
18446732528837435775
18446741187491522655
18446743352155044375
18446743893320924805
18446744028612394913
18446744062435262441
18446744070890979323
18446744073004908543
18446744073533390847
18446744073665511423
18446744073698541567
18446744073706799103
18446744073708863487
18446744073709379583
18446744073709508607
18446744073709540863
18446744073709548927
18446744073709550943
18446744073709551447
18446744073709551573
9223372036854775797
6917529027641081853
1729382256910270463
432345564227567615
108086391056891903
27021597764222975
6755399441055743
1688849860263935
422212465065983
105553116266495
26388279066623
6597069766655
1649267441663
412316860415
103079215103
25769803775
6442450943
1610612734
402653182
100663294
25165822
6291454
1572862
393214
98302
24574
6142
1534
382
9223372036854775902
11529215046068469783
12105675798371893253
3026418949592973313
756604737398243328
189151184349560832
47287796087390208
11821949021847552
2955487255461888
738871813865472
184717953466368
46179488366592
11544872091648
2886218022912
721554505728
180388626432
45097156608
11274289152
2818572288
704643072
176160768
44040192
11010048
2752512
688128
172032
43008
10752
2688
672
168
4611686018427387946
14987979559889010698
17582052945254416387
18230571291595767809
18392700878181105665
18433233274827440129
18443366373989023745
18445899648779419649
18446532967477018625
18446691297151418369
18446730879570018305
18446740775174668289
18446743249075830785
18446743867551121409
