3458764507379662752
864691126844915689
9439544818566004731
11583258241496276991
16730872615656232959
18017776209196221951
18339502107581219199
18419933582177468511
18440041450826530839
18445068417988796421
18446325159779362817
18446639345227004417
18446717891588914817
18446737528179392417
18446742437327011817
18446743664613916667
9223371934580867071
6917529002072604670
1729382250518151166
9655717599484313598
16248987455153242111
13285618900643086335
12544776762015547390
16971252245786050558
18077871116728676350
18354525834464332798
18423689513898246910
18440980433756725438
18445303163721345070
18446383846212499979
18446654016835288707
18446721559490985889
18446738445154910185
18446742666570891258
18446743721924886526
18446743985763385342
18446744051723010046
18446744068212916222
18446744072335392766
18446744073366011902
18446744073623666686
18446744073688080382
18446744073704183806
18446744073708209662
18446744073709216126
9223372036854691934
6917529027641060886
1729382256910265220
432345564227566304
108086391056891577
13862079653046386607
8077205931688984554
6630987501349634043
15492804930619572223
17708259287937056766
9038750840411652094
6871373728530300926
1717843432132575230
429460858033143806
107365214508285950
26841303627071486
6710325906767870
1677581476691966
419395369172990
9223476885697069054
11529241258279043070
16717368369851924478
18014400147745144830
18338658092218449918
18419722578336776190
18439988699866357758
9221683193393977342
6917106816775882239
10952648741048746367
11961534222116962399
16825441610811404310
18041418457985014788
18345412669778417408
18421411222726768064
13828724842536467824
3457181210634116956
5475981321085917142
5980681348698867188
6106856355602104701
1526714088900526175
381678522225131543
4707105648983670789
15011834467528081409
17588016672164184064
18232062223323209728
18393073611112966144
18433326458060405248
13831703651369877120
3457925912842469280
864481478210617321
216120369552654331
54030092388163583
13507523097040895
3376880774260223
844220193565055
211055048391263
52763762097815
13190940524453
3297735131113
4611686842861170683
14987979765997456383
17582052996781527806
18230571304477545663
13781014862974162223
3445253715743540555
861313428935885139
215328357233971285
53832089308492821
13458022327123205
3364505581780801
4612527144822833104
14988189841487871988
17582105515654131708
18230584434195696638
18392704163831087870
18433234096239935678
13831680560914759726
12681292177083465738
12393695081125642243
16933481825563574273
8845056474818281473
6822950137131958273
10929109571137765377
11955649429639217153
16823970412691968001
18041050658455155713
18345320719895952641
18421388235256151873
18440405114096201680
9221787296951438324
16140504879520023292
13258498256734781631
17149682619465859119
8899106673293852683
2224776668323463171
14391252222363029505
17432871110872921089
18193275833000393985
18383377013532262209
18430902308665229264
18442783632448471028
18445753963394281469
18446496546130734079
18446682191814847231
18446728603235875519
18446740206091132591
18446743106804946859
18446743831983400426
18446744013278013818
18446744058601667166
18446744069932580503
18446744072765308837
18446744073473490921
18446744073650536443
18446744073694797823
18446744073705863167
18446744073708629503
18446744073709321087
18446744073709493983
18446744073709537207
18446744073709548013
18446744073709550715
18446744073709551390
18446744073709551558
18446744073709551600
18446744073709551613
18446744073709551614
18446744073709551614
18446744073709551614
18446744073709551614
18446744073709551614
18446744073709551614
9223372036854775806
6917529027641081854
1729382256910270462
9655717601082343422
11637301437125361662
12132697396136116222
3033174349034029054
758293587258507263
189573396814626815
9270765386058432511
11541063383369383934
7496951864269733886
6485923984494821375
1621480996123705343
405370249030926335
101342562257731583
25335640564432895
6333910141108223
1583477535277055
395869383819262
98967345954814
4611710760263876606
14987985745348132862
17582054491619196927
13618885659759575039
3404721414939893759
851180353734973439
212795088433743359
53198772108435839
13299693027108959
3324923256777239
4612517249241582213
14988187367592559265
17582104897180303528
18230584279577239594
9169332088321697802
6904019040507812354
6337690778554340992
15419480749920748960
17689928242762350953
9034168079117975643
6870228038206881814
1717557009551720452
429389252387930112
107347313096982528
9250208865129021440
11535924253137031168
16719039118566421504
18014817834923769088
18338762514013105984
18419748683785440208
18439995226228523764
18445056861839294653
18446322270741987375
18446638622967660555
18446717711024078850
18446737483038183424
18446742426041709568
18446743661792591104
18446743970730311488
18446744047964741584
9223372030418573300
6917529026032031228
10952754293362783614
2738188573340695902
5296233161762561879
1324058290440640469
9554386609464935925
11611968689221009789
16738050227587416159
18019570612179017751
18339950708326918149
9196673695509117441
6910854442304667265
1727713610576166817
431928402644041705
107982100661010427
26995525165252607
6748881291313151
1687220322828287
421805080707071
105451270176767
26362817544191
6590704386047
1647676096510
4611686430346412030
14987979662868766718
12970366952571967486
3242591738142991870
810647934535747966
202661983633936990
50665495908484246
12666373977121060
3166593494280264
791648373570067
4611883930520780421
14988029037912358817
17582065314760253417
18230574383972227067
18392701651275220479
18433233468100968830
18443366422307405918
18445899660859015190
18446532970496917508
18446691297906393088
18446730879758761984
18446740775221854208
18446743249087627264
18446743867554070528
18446744022170681344
18446744060824834048
18446744070488372224
9223372036049480960
6917529027439758145
1729382256859939537
9655717601069760693
11637301437122215980
7521011377707941898
6491938862854373379
1622984715713593345
405746178928398337
101436544732099585
25359136183024897
6339784045756224
9224956982866214864
11529611282571329524
16717460875924996092
18014423274263412734
9115291836993241086
6890508977675698174
1722627244418924542
430656811104731134
107664202776182782
26916050694045694
6729012673511423
1682253168377855
420563292094462
105140823023614
26285205755902
6571301438974
1642825359742
410706339934
102676584983
4611686044096534149
14987979566306297249
17582052946858738025
4395513236714684507
10322250346033446935
11803934623363137540
2950983655840784384
737745913960196097
184436478490049025
46109119622512257
11527279905628065
2881819976407017
720454994101755
180113748525439
45028437131359
11257109282839
2814277320709
703569330176
175892332544
43973083136
10993270784
2748317696
687079424
171769856
9223372036897718272
11529215046079205376
16717361816801965056
8791026472627879168
6809442636584357696
1702360659146089424
425590164786522356
106397541196630588
26599385299157646
6649846324789410
4613348480008585256
14988395175284310026
17582156849103241219
18230597267557974017
18392707372171657217
13821548879897690113
3455387219974422529
863846804993605633
215961701248401409
53990425312100352
13497606328025088
4615060420009394176
14988823160284512256
17582263845353291777
18230624016620486657
18392714059437285377
18433236570141485057
18443367197817534977
18445899854736547457
18446533018966300577
18446691310023738857
18446730882788098427
18446740775979188319
13835057230849572887
3458764307712393221
10088063113782874113
11745387815300494336
12159718990679899392
12263301784524750656
12289197482985963473
16907357426028654581
18061897411789327357
13738846389802107647
3434711597450526911
858677899362631727
214669474840657931
53667368710164482
13416842177541120
3354210544385280
838552636096320
209638159024080
9223424446394531828
11529228148453408764
16717365092395515902
18014399328381042686
18338657887377424383
18419722527126519807
18439988687063793663
18445055227048112127
18446321862044191743
18446638520793211647
9223345648625690815
6917522430583810607
1729380607645952651
9655717188766263970
11637301334046341801
16744383388793749163
18021153902480601003
18340346530902313963
18420144688007742203
18440094227284099263
18445081612103188526
9222956421453185034
6917425123790684163
10952728317802446849
11961554116305387521
16825446584358510593
18041419701371791361
18345412980625111553
18421411300438441601
9217038843536998305
6915945729311637481
6340672450755297275
15420226167970988031
17690114597274910719
18257586704600891391
18399454731432386559
18434921738140260351
18443788489817228799
18446005177736470911
18446559349716281439
18446697892711234071
18446732528459972229
18446741187397156769
13835057333704065001
3458764333426016251
864691083356504063
216172770839126014
13889101247991945214
8083961330425374206
2020990332606343551
505247583151585887
126311895787896471
31577973946974117
7894493486743529
1973623371685882
493405842921470
123351460730367
30837865182591
7709466295647
1927366573911
481841643477
9223372157315186677
11529215076183572476
16717361824328056830
8791026474509402110
6809442637054738431
10925732696118460415
11954805210884390910
16823759358003261438
18040997894782979070
18345307528977908478
18421384937526640830
18440404289663823919
9221787090843343883
6917132791138223874
1729283197784555968
432320799446138992
9331452236716310556
11556235096033853447
16724116829290627073
18016087262604820480
18339079870933368832
18419828023015505920
18440015061036040193
18445061820541173761
18446323510417457152
13834952914459140096
3458738228614785024
864684557153696256
4827857157715811968
5818650307856340896
6066348595391473129
6128273167275256187
15367126347100977759
17676839642057408150
9030895928941739940
6869410000662822888
1717352500165705722
429338125041426430
107334531260356606
26833632815089150
6708408203772286
1677102050943070
419275512735766
104818878183940
26204719545984
9223378588034662305
11529216683863441385
16717362226248024059
8791026574989393918
6809442662174736383
1702360665543684095
425590166385921023
106397541596480255
26599385399120063
6649846349780015
1662461587445003
415615396861250
103903849215312
9223398012817079636
11529221540059045717
12105677421869537237
12249791392322160117
12285819884935315837
16906513026515992671
18061686311911161879
18350479633259954181
18422677963597152257
18440727546181451777
18445239941827526657
18446368040739045377
18446650065466925057
18446720571648894977
18446738198194387457
18446742604830760577
18446743706489853856
18446743981904627176
13835058032330932602
3458764508082733150
864691127020683286
216172781755170820
54043195438792704
13510798859698177
3377699714924545
844424928731137
211106232182785
52776558045697
4611699212566899329
14987982858423888545
17582053769888135849
13618885479326809771
12628093406686478251
12380395388526395370
16930156902413762554
8844225244030828542
6822742329435095038
1705685582358773758
426421395589693438
106605348897423358
26651337224355838
6662834306088958
1665708576522238
416427144130559
104106786032639
26026696508159
6506674127039
1626668531759
9223372443521908747
11529215147735252994
16717361842215976960
8791026478981382144
6809442638172733441
10925732696397959169
11954805210954265601
16823759358020730113
18040997894787346241
18345307528979000273
9198012900672137973
6911189243595422396
1727797310898855598
431949327724713899
107987331931178475
26996832982794619
6749208245698655
1687302061424662
421825515356164
105456378839040
26364094709760
9223378627878453248
11529216693824389121
7493990191883485185
6485183566398259201
1621295891599564801
405323972899891201
101330993224972801
25332748306243201
9229705223931336609
11530798342837609961
16717757640991566203
18014497465530055263
18338682421664677526
13808042642270945188
3452010660567736296
5474688683569321979
15203730226174494207
17635990611825787262
18244055708238610526
18396071982341816342
18434076050867617796
18443577067999068160
18445952322281930753
18446546135852646401
18446694589245325313
18446731702593495040
9223368944075761664
6917528254446328320
1729382063611582081
432345515902895521
108086378975723881
27021594743930971
6755398685982743
1688849671495685
422212417873921
105553104468481
26388276117121
6597069029281
1649267257321
412316814331
103079203583
25769800895
6442450223
1610612555
4611686018830041043
14987979559989673973
17582052945279582205
18230571291602059263
18392700878182678527
18433233274827833343
18443366373989122047
18445899648779444222
9223160930622248958
6917476251082950143
1729369062770737535
432342265692684383
9331457603277946903
11556236437674262532
16724117164700729344
18016087346457346048
18339079891896500224
18419828028256288768
18440015062346235905
18445061820868722689
18446323510499344384
18446638932906999808
18446717788508913664
18446737502409392128
18446742430884511744
9223371626148515840
6917528924964516865
6341068249668517121
15420325117699292993
17690139334706986960
18257592888958910452
18399456277521891325
18434922124662636543
18443788586447822847
18446005201894119423
9223187318900917759
6917482848152617343
1729370712038154335
432342678009538583
108085669502384645
27021417375596161
6755354343899041
1688838585974761
422209646493691
9223477589266399230
11529241434171375614
16717368413825007614
18014400158738415614
18338658094966767614
18419722579023855614
18439988700038127614
18445055230291695614
18446321862855087615
9223266484141159807
16140874676317453663
13258590705934139222
17149705731765698516
18122484488223588340
18365679177338060796
13814791831189291006
3453697957797322750
863424489449330686
9439228159217108478
11583179076659052926
16730852824446926942
18017771261393895446
18339500870630637572
18419933272939823104
18440041373517119489
18445068398661443585
18446325154947524608
18446639344019044864
18446717891286924928
18446737528103894944
18446742437308137448
18446743664609198074
18446743971434463230
18446744048140779518
18446744067317358590
18446744072111503358
18446744073310039550
18446744073609673598
18446744073684582110
18446744073703309238
18446744073707991020
18446744073709161466
9223372036854678271
6917529027641057471
1729382256910264367
9655717601082341899
11637301437125361282
16744383414563504032
18021153908923039720
13728660514085535738
3432165128521383934
5469727300557733887
15202489880421597183
17635680525387563006
18243978186629054462
18396052601939427326
18434071205767020542
13831889838296530942
3457972459574132734
864493114893533183
216123278723383295
9277402856535621631
11542722750988681214
7497366706174558206
6486027694971027454
1621506923742756862
405376730935689214
101344182733922302
9248708082538256382
11535549057489339903
7495573282799722879
6485579339127318622
1621394834781829654
405348708695457412
9324709214028640160
16166235358789323752
4041558839697330938
1010389709924332734
252597427481083183
9286521393725046603
11545002385286037459
7497936614748897269
6486170172114612220
1621542543028653054
405385635757163262
101346408939290814
25336602234822702
9229706187413481482
11530798583708146179
12106071682781812353
3026517920695453089
756629480173863272
189157370043465818
47289342510866454
11822335627716612
2955583906929152
738895976732288
184723994183072
46180998545768
11545249636442
2886312409110
4611686740005490180
14987979740283536256
17582052990353047777
18230571302870425656
4557642825717606414
10362782743284177411
16425753741103208065
17941496490557965729
18320432177921655145
18415166099762577499
18438849580222808087
18444770450337865732
9222878631011854336
6917405676180351489
1729351419045087873
9655709891616047777
11637299509758787753
12132696914294472747
12256546265428393995
12287508603211874307
16906935206085132289
18061791856803446785
18350506019483025409
18422684560152920065
18440729195320393729
18445240354112262145
18446368143810229249
18446650091234721025
18446720578090843969
18446738199804874704
9223370568378606580
6917528660522039548
1729382165130509886
5044031559710015374
5872693908354891746
6079859495516110840
6131650892306415614
15367970778358767615
17677050749871855615
18254320742750127615
18398638240969695614
18434717615524587614
18443737459163310615
18445992420072991365
18446556160300411553
18446697095357266600
13835046310694092458
3458761577673523114
864690394418380779
216172598604595195
54043149651148799
13510787412787199
3377696853196799
844424213299198
211106053324798
52776513331198
13194128332798
9223375335386859006
11529215870701490558
16717362022957536350
18014398561021547798
18338657695537550660
18419722479166551376
9216616638219025749
6915840177982144340
1728960044495536084
9655612047978659829
11637275048849440765
16744376817494523903
18021152259655794687
18340346120196112383
18420144585331191807
18440094201614961663
9221709568831128319
6917113410635169982
10952650389513568302
11961534634233167882
16825441713840455682
13429732465314889728
3357433116328722432
839358279082180608
209839569770545152
52459892442636288
13114973110659072
9226650780132440576
11530034731887885952
16717566738254135200
18014449739845697512
18338670490243588090
18419725677843060734
18439989474742928894
18445055423967895934
18446321911274137695
18446638533100698135
13835031670129950341
3458757917532487585
864689479383121896
4827858388273168378
15042022652350455806
12983877699942389759
3245969424985597439
811492356246399359
202873089061599839
50718272265399959
4624365586493737893
14991149451905598185
17582845418258563258
18230769409846804526
9169378370889089034
6904030611149660163
1726007652787415041
9654873950051629569
11637090524367683200
16744330686374084512
18021140726875684840
18340343237001084922
18420143864532434942
18440094021415272446
18445081560635981822
18446328445441159167
18446640166642453503
18446718096942777087
18446737579517857983
18446742450161628207
18446743667822570763
18446743972237806403
18446744048341615313
18446744067367567541
18446744072124055597
18446744073313177611
18446744073610458114
18446744073684778240
18446744073703358272
18446744073708003280
9223372036854388724
6917529027640985084
10952754293765022078
11961560610296031327
16825448207856171543
18041420107246206597
9122041045238939553
6892196279737122792
1723049069934280698
430762267483570174
107690566870892542
9250294678572498942
11535945706497900542
7495672445051863038
6485604129690353663
1621401032422588415
405350258105647103
101337564526411775
25334391131602943
9229705634637676543
11530798445514194942
12106071648233324542
3026517912058331134
756629478014582783
9412529406358421503
11576504388444381183
16729184152393259007
18017354093380478463
18339396578627283327
18419907199938984543
18440034855266909847
18445066769098891173
18446324747556886505
18446639242171385338
18446717865825010046
18446737521738416222
18446742435716767767
9223371627356579845
6917528925266532864
1729382231316633217
432345557829158305
108086389457289577
27021597364322395
6755399341080599
1688849835270149
9223794249313593345
11529320599183174145
16717388205077957249
8791033069696877217
6809444285851607209
1702361071462901803
425590267865725451
106397566966431363
26599391741607841
6649847935401961
1662461983850491
415615495962623
103903873990654
25975968497662
6493992124414
4611687641925419006
14987979965763518462
17582053046723043327
9007199280108148735
6863485838454425087
1715871459613606271
5040653883330789471
5871849489260085271
6079648390742409221
1519912097685602305
379978024421400577
94994506105350145
23748626526337537
5937156631584384
1484289157896096
371072289474025
92768072368507
23192018092127
4611691816431910935
14987981009390141445
17582053307629699073
18230571382189588481
18392700900829560833
9209861243634778113
6914151329336082433
1728537832334020609
432134458083505152
4719719632948264192
15014987963519229760
17588805046161971152
9008887279967880692
6863907838419358077
1715976959604839519
428994239901209879
107248559975302469
26812139993825617
9230075071853232213
11530890804818083861
16717780756486684677
8791131207549059072
6809468820314652673
1702367205078663169
425591801269665793
106397950317416449
26599487579354113
6649871894838529
9225034504828485441
11529630663061897168
7494093684192862196
6485209439475603453
1621302359868900863
405325589967225215
101331397491806303
25332849372951575
4618019230770625797
14989562862974820161
17582448771025868752
18230670248038630900
