18446643568217258144
4611660892054314537
14987973278295742347
3746993319573935587
936748329893483896
9457559119328146782
6976075798259424599
6355704967992244052
1588926241998061013
5008917578926903157
10475601431586501597
11842272394751401206
7572254117115238204
1893063529278809550
5084951900747090290
5882923993614160476
1470730998403540118
9591054786455660836
11621135733468691017
16740341988649336466
13408457534017109924
7963800401931665385
11214322137337692154
12026952571189198846
12230110179652075519
16892585600195182590
13446518436903571454
12585001646080668670
16981308466802330878
13468699153555358526
12590546825243615438
16982694761593067570
13469045727253042700
12590633468668036482
16982716422449172833
13469051142467069016
3367262785616767255
5453501714831579716
1363375428707894929
4952529875604361637
15073190524183254121
3768297631045813530
14777132463043617094
3694283115760904272
10146942815795001877
2536735703948750469
14469241981269351329
12840682532172113640
12433542669897804219
7720071685901838959
6541703939902847643
1635425984975711911
9632228533098703784
2408057133274675946
9825386320173444795
2456346580043361199
14449144700293004011
3612286175073251003
14738129599050476463
12907904436617394923
17062034164436512443
8877194559536516015
11442670676738904810
7472353687612114106
11091460458757804334
11996237151544226891
16834117343168220435
18043587391074218821
18345954903050718417
18421546781044843317
13828758732115986636
3457189683028996658
10087669457612024973
2521917364403006242
630479341100751560
13992677890557351602
12721541509494113709
3180385377373528426
795096344343382107
9422146122940621335
2355536530735155333
14423942187965952545
8217671565418876040
11277789928209494818
16654505537334537416
17998684439615798067
18334729165186113229
4583682291296528306
5757606591251519980
15274459703095043706
3818614925773760927
10178025768298216039
11767878478929329816
16777027675014496167
18029314974035787753
18342386798791110650
18420654754979941374
18440221744027149054
18445113491288950975
18446336428104401454
9223270125453488266
6917503549790759971
10952747924302465801
2738186981075616450
14519604800551067825
17464959255419930669
13589611850709758475
12620774999532215427
16990251805165217569
8859248969718692297
2214812242429673074
5165389079034806172
15126405325040865255
8393287349687604217
2098321837421901055
5136266477782863166
15119124674727879503
13003153205536745682
12474160338238962228
16953598139841904269
8850085553387863971
11435893425201741801
16694031411582599163
8785193871323037695
6807984486258147326
1701996121564536831
425499030391134206
106374757597783550
26593689399445887
4618334440777249375
14989641665476476055
17582468471651282725
18230675173194984393
18392726848580909810
18433239767427391165
18443367997139011502
18445900054566916587
9223161032069117050
16140848313299442974
13258584115179636551
7926332047222297041
15816641067087737973
17789218322054098204
9058990598940912454
11488119686590003921
7483715940074888884
6482615003446110125
1620653750861527530
14240221492997545595
17395113428531550111
8960464375560275431
6851802112317456761
1712950528079364191
9651609668874616854
11636274454073430021
7520754631945745409
15715246713268600064
13152183715171925824
7899731947220369360
15809991042087256052
17787555815803977725
9058574972378382335
16099701798376759295
17859983504876353534
4464995876219088383
10339621005909547902
11808277288332162783
12175441358937816503
3043860339734454124
5372651103361001434
5954848794267638263
15323770253849073277
13054314600317044127
3263578650079261030
10039266699374591065
11733188711698423575
16768355233206769604
18027146863583856112
13730158752750739836
3432539688187684959
858134922046921239
14049591785793894021
17347456001730637217
18171922055714823016
13766352550783481562
3441588137695870391
5472083052851355501
1368020763212838875
342005190803209719
85501297700802429
13856433379707364319
17299166400209004790
18159849655334414909
4539962413833603727
10358362640313176739
11812962696933069992
7564926692660655402
15726289728447327562
17766630487393995602
4441657621848498900
1110414405462124725
277603601365531180
9292772937196158603
6934879252726427555
10957091850036382696
16574331017791259387
17978640809729978559
18329718257714658350
9194115582856052491
16133586950996176834
17868454793031207920
4467113698257801981
10340150461419226302
11808409652209582382
16787160468334559307
8808476135511027731
2202119033877756933
5162215776896827136
1290553944224206785
14157696541338215408
17374482190616717564
8955306566081567294
11462198678375167630
7477235688021179810
1869308922005294953
5079013248928711643
15104811367514341623
17611260897160749116
13626187261144963086
17241604870568404483
8922087236069489024
11453893845872148064
12086845498322812825
7633397393008091111
6520035366679410680
1630008841669852671
407502210417463166
101875552604365791
25468888151091447
9229739258892548668
16142492870005300879
4035623217501325219
1008905804375331304
252226451093832827
63056612773458206
15764153193364550
13838999093580504848
17294807828677289925
13547073994024098288
7998454516933412476
6611299647660741023
6264510930342573159
15401185787867807000
13073668483821727559
17103475176237595601
8887554812486786804
6833574721549084605
10931765717242046958
11956313466165287546
2989078366541321886
747269591635330470
4798503416336220520
5811311872511443034
1452827968127860758
363206992031965189
90801748007991296
4634386455429385728
5770282632284734336
15277628713353347297
3819407178338336825
14789909849866747918
3697477462466686978
5536055384044059649
10607385882865790721
11875218507571223489
12192176663747581681
3048044165936895421
762011041484223855
9413874797225831771
2353468699306457943
14423425230108778196
12829228344381970356
17042365141377656301
8872277303771801978
6829755344370338398
1707438836092584599
426859709023146148
106714927255786536
26678731813946635
6669682953486659
13836725476020535377
8070867387432521748
6629402865285518340
10880722753176155393
2720180688294038848
5291731190500897617
10546304834480000213
2636576208620000052
659144052155000012
164786013038750002
41196503259687500
10299125814921874
2574781453730468
643695363432616
160923840858154
4611726249387602442
14987989617629064323
8358683422834653985
15924728910990827209
3981182227747706802
14830353612219090412
12930960439909548410
17067798165259550814
8878635559742275606
6831344908362956805
1707836227090739200
14262017112054848513
17400562333295875841
18185198638606132673
4546299659651533169
10359946951767659100
16425044793224078486
13329633235160795428
12555780345644974665
7750631104838631570
6549343794637045796
10860707985514037257
11938549033233285123
12208009295163097089
12275374360645550081
12292215627016163328
16908111962036204545
18062086045791214848
18350579566729967425
9199330910109879761
6911518745954857844
1727879686488714461
9655341958476954422
11637207526474014412
16744359936900667314
13409462021079942636
12575737542124761466
3143934385531190367
5397669614810185495
10572789440557322181
2643197360139330545
5272485358462220541
1318121339615555134
9552902371758664590
6999911611367054050
10973349939696539320
16578395540206298542
17979656940333738346
18329972290365598299
4582493072591399575
1145623268147849892
4898091835464350376
15059581014148251307
12988267290391838634
7858752841025347563
6576374228683724795
1644093557170931199
14246081444574896511
12784892397998499935
3196223099499624983
14634113830157069957
17493586512821431201
4373396628205357801
5705035175478727354
6037944812297069743
10732858239929043242
7294900578409648714
1823725144602412179
9679303323005378853
11643197867606120521
7522485485328918035
11103993408187005316
16611056407328915041
13376136138687004569
17179092089953914854
18129831077770642425
18367515824724824319
9203564974608593982
6912577262079536398
15563202370802047811
17725858647982675665
18266522717277832628
4566630679319458157
10365029706684640347
7202943445098547990
1800735861274636997
9673556002173435056
16253447055825522477
13286733800811156426
17156741505484952818
18124243431653401916
4531060857913350478
10356137251333113427
7200720331260666260
6411866101242554468
10826338562165414424
11929956677396129414
16817547224631196064
18039444861439962728
13733233252214766491
3433308313053691623
14693385133545586617
8285032301813784559
15906316130735609850
8588265051111290366
6758752281205210494
15524746125583466335
17716244586678030295
18264119201951671285
9177715818915305724
2294428954728826431
9796979275536982415
7060930837311633506
15600290764610072089
8511758709579905926
15962997732677140192
13214121470024060857
12526902404360791022
12355097637944973562
12312146446341019198
7689722630012642703
15757488712785324387
13162744215051106904
7902372072190164630
6587279036474929061
1646819759118732265
411704939779683067
9326298271799696574
16166632623232087855
13265030192662797771
3316257548165699443
14664122442323588573
3666030610580897143
14751565707927387997
12911263463836622806
7839501884386543604
1959875471096635900
14325026923056322686
17416314786046244382
13577450733366336902
8006048701768972128
15836570230724406745
17794200612963265398
9060236171668204253
6876745061344438966
6330872283763497645
15417776126223038123
17689502086837923243
18257433576991644522
13787730431102686938
3446932607775671735
861733151943917932
9438805324840755290
11583073368064964630
16730826397298404869
18017764654606764928
18339499218933854944
18419932860015627449
9216669233431294767
16139225363639987403
13258178377764772658
17149602649723356876
8899086680858227123
2224771670214556780
5167878935981027099
5903655752422644678
6087599956533049073
15356958044415425980
8450925529531244398
15947789437664974810
13210319396271019511
7914265867495142781
15813624522155949407
17788464185821151063
4447116046455287765
10335151048468597749
2583787762117149436
5257632958956675263
15149466295021332526
8399052592182721034
2099763148045680259
14359998842293583777
17425057765855559656
13579636478318665722
3394909119579666430
10072099316749692414
7129710847614811007
6394113730331090655
1598528432582772662
5011318126573081068
5864515550070658170
15301186942799828255
13048668772554732871
12485539229993459024
3121384807498364756
5392032220301979092
10571380091930270580
2642845022982567645
660711255745641910
9388549850791186285
11570509499552572379
2892627374888143094
9946528880576811581
7098318238571590799
15609637614925061410
13125781440586041161
7893131378573898195
11196654881498250357
12022535757229338396
7617319957734722503
11127702026288456433
2781925506572114108
5307167395070416431
1326791848767604107
14166756017474064738
8153375022795904089
2038343755698976023
9732957975779519813
11656611530799655761
2914152882699913941
9951910257529754293
11711349601237214380
7539523418736691498
11108252891538948683
7388749241312125075
6458873328755419173
6226404350616242696
1556601087654060675
389150271913515169
97287567978378793
24321891994594698
9229452509853424483
2307363127463356120
5188526800293226934
1297131700073306732
9547654961873102490
11610285777323051431
7514257462758150760
6490250384116925594
10845934632884007207
11934855695075777608
16818771979051108114
18039751050044940741
18344995817793398896
18421307009730513436
13828698789287404167
12680546734176626848
3170136683544156713
5404220189313427082
10574427084183132579
2643606771045783145
660901692761445786
14000283478472525159
8111756888045519193
6639625240438767703
10883278346964467733
11944191623595892741
12209419942753748993
3052354985688437248
763088746422109313
14025830241887691040
8118143578899310664
11252907931579603474
12036599019749676676
7620835773364807073
6516894961768589672
1629223740442147419
5018991953537924759
5866434006811869092
1466608501702967272
4978338143853129722
5856270554390670334
1464067638597667583
9589388946504192702
11620719273480823982
16740237873652369706
8796745486840480330
6810872390137507987
1702718097534376997
425679524383594249
106419881095898563
9249977007128750448
6924180270209575516
10954417104407169686
11961976312956568229
12213866115093917865
12276838565628255274
7680895659834451723
6531909933386000835
6244663501773888112
15396223930725635740
8460742001108796838
6726871518704587112
10905089916530922587
11949644515987506454
12210783165851652420
12276067828317688912
3069016957079422229
14602312294552019268
3650578073638004816
14747702573691664917
12910297680277692037
7839260438496810913
11183187146478978536
7407482805047132538
1851870701261783134
462967675315445783
115741918828861445
4640621498134603264
10383527411388426624
11819253889701882465
12178185509280246424
16879604432602225319
18054959163432720040
9125425809285567915
2281356452321391978
5182025131507735898
5907192301304321879
1476798075326080469
4980885537258908021
15080279439596890717
12993441896753998486
3248360474188499621
5423776136974512809
15191002089525791915
3797750522381447979
10172809667450137803
16378260472144698162
13317937154890950348
12552856325577513394
16973272136676542060
13466690071023911322
12590044554610753638
16982569193934852120
18080700353765876742
9131861106868857089
11506337313571990080
7488270346820385425
1872067586705096357
9691388933531049896
11646219270237538283
12134926854414160379
12257103750458315903
7675961956041966879
15754048544292655430
17773570191355327569
9055078566266219796
16098827696848718660
17859764979494343376
4464941244873585844
5727921329645784365
15267038387693609803
17651817652205566162
9024640431478779445
16091218163151858572
13246176577642740451
3311544144410685112
10051258072957447086
7124500536666749674
11004497171021463227
2751124292755365806
5299467091616229355
1324866772904057338
331216693226014334
13917862228588667294
8091151575574554727
2022787893893638680
505696973473409671
126424243368352417
4643292079269476009
5772509038244756907
15278185314843352938
17654604383993001947
13637023132853026295
12632627820068032380
7769842973444395999
1942460743361098998
5097301204267662652
15109383356349079375
13000717875942045650
17085237524267675125
8882995399494306685
16055806905155740382
17849009781571098806
9073938463820162604
16103542671237204362
4025885667809301091
5618157435379713177
10627911395699704102
7268663867352313929
6428851985265466387
1607212996316366597
9625175285933867456
11629665858338242672
7519102483011948573
1879775620752987142
14305001960470410496
12799622526972378432
12423277668597870417
7717505435576855508
11152748395748989685
16623245154219411133
17990869343837016495
18332775391241417834
18418251903092518170
13827935012627905350
3456983753156976336
5475931956716631988
5980669007606545901
6106853270329024378
1526713317582256094
381678329395564023
4707105600776278908
10400148437048845535
2600037109262211382
9873381314170328653
2468345328542582162
14452144387417809253
12836408133709228121
12432474070282082839
3108118517570520708
777029629392630176
14029315462630321257
8119014884084968219
2029753721021242055
5119124448682698417
15114839167452838317
8390395810290597483
6709284971000037274
10900693279604785126
11948545356755972089
12210508376043768831
3052627094010942207
5374842791930123454
15178768753264694574
3794692188316173643
10172045083933819218
2543011270983454804
9859124854600639509
2464781213650159876
616195303412539969
4765734844280522896
10414805747924906532
11827073473836002441
16791826423741164323
18033014661217454793
18343311720586527411
13809199967001407661
3452299991750351915
14698133053219751690
8286219281732325826
6683240838860469361
15505868264997281053
17711525121531483975
9039567298810258896
6871577843129952629
1717894460782488157
429473615195622039
9330740440653681317
11556057147018196137
7500700305181936939
6486861094722872138
1621715273680718034
14240486873702343220
17395179773707749516
4348794943426937379
1087198735856734344
4883485702391571491
1220871425597892873
14140275911681636931
3535068977920409232
10107139281334878116
11750156857188495337
7549225232724511739
15722364363463291647
17765649146147986623
9053098304964384559
16098332631523259850
13247955194735590770
12535360835538673501
7745526227312056279
15771439612110177780
17777917958309708157
9056165508004814943
16099099432283367446
17859832913353005572
4464958228338251392
10339611593939338657
11808274935339610472
16787126789117066331
18031839752561430295
18343017993422521284
13809126535210406128
3452281633802601533
5474756426878038287
15203747162001673283
17635994845782582032
13632370748300421316
3408092687075105329
10075395208623552140
11742220839010663843
16770613265034829672
8804339334686095323
16036142888953687542
4009035722238421884
1002258930559605470
4862250751067289271
1215562687766822316
14138948727223869290
8146423200233355227
6648291818485726711
10885444991476207485
2721361247869051870
5292026330394650871
10546378619453438525
7248280673290747535
1812070168322686883
14288075597362835433
3572018899340708859
14728062780117340926
8293701713456723134
11296797465218956591
16659257421586902858
4164814355396725714
14876261644131345140
12942437447887612093
12458981398826678830
16949803404988833419
18072508906529372067
13741499263487118824
3435374815871779706
14693901759250108638
8285161458239915062
2071290364559978765
517822591139994690
4741141666212386577
15020343471835260357
8366771886386202992
15926751026878714460
13205059793574454422
7912950966821001508
1978237741705250377
5106245453853700499
5888247381890813028
10695433882327479065
2673858470581869767
5280150636072855345
1320037659018213837
330009414754553458
9305874390543414172
11549840634490629351
16722518213904821049
18015687608758368974
9115607920616980146
6890587998581632941
1722646999645408235
9654033786766127867
16248566501973695679
4062141625493423918
14850593461655519691
17547706420696043634
4386926605174010909
1096731651293502727
4885868931250763585
5833153251240078800
10681660349664795509
2670415087416198877
5279289790281437622
5931508465997747308
15317935171781600538
8441169811372788038
6721978471270584913
10903866654672422036
11949338700522881317
16822392730412884041
8817284201030608915
6816007068685040132
6315687785598647937
15413980001681825697
13076867037275232232
3269216759318808059
817304189829702014
9427698084312201310
2356924521078050327
14424289185551676292
8217758314815306976
11277811615558602553
7431138922317038542
6469470749006647539
10840739724106437693
11933556967881385230
12206761278825122114
16886748374988444241
8833373112174498965
11431715314898400548
16692986884006763849
13396618757856466770
17184212744746280405
18131111241468733812
9144463828794571356
2286115957198642839
5183215007727048613
5907489770359150056
1476872442589787514
4980904129074834782
5856912050696096598
1464228012674024149
14201115058450669748
8161964783040055341
11263863232614789643
12039337845008473219
7621520479679506209
15740438175202040265
13158481580655285875
17124678450445985181
18116227667893660006
4529056916973415001
10355636266098129558
7200595084951920292
6411834789665367976
6214644715843729899
6165347197388320378
15376394854629243807
13067470750512086758
7878553706055409592
15804696481796016111
3951174120449004026
14822851585394414719
3705712896348603679
926428224087150919
231607056021787729
9281273800860222740
6932004468642443588
15568059172442774609
3892014793110693653
5584689716705061316
1396172429176265328
14184101162576230044
8157711309071445415
11262799864122637160
12039072002885435099
16844826056003522487
18046264569283044332
4511566142320761082
10351263572434966078
16422873948390905231
8717404505525114210
16014409181663442265
4003602295415860566
1000900573853965140
14085283198745654996
3521320799686413749
10103702236776379245
11749297596048870619
2937324399012217655
5346017118180442317
1336504279545110578
4945812088313665549
10459825058933192195
16450014320015461760
4112503580003865441
10251497931855742169
16397932538246099255
13322855171416300621
3330713792854075155
832678448213518789
9431541648908155505
2357885412227038877
589471353056759719
4759053856691577832
15024821519455058170
3756205379863764542
10162423381820716943
16375663900737342946
13317288012039111544
3329322003009777886
832330500752444470
208082625188111116
4663706674724415682
1165926668681103920
14126539722452439693
3531634930613109922
882908732653277481
14055785238445483083
3513946309611370771
10101858614257618501
2525464653564404625
9854738200245876964
2463684550061469240
9839293174370143118
11683195330447311587
16755856887893991608
8800650240400885807
2200162560100221451
14385098695307219075
17431332729108968481
18192891237559405832
18383280864672015170
18430878271450167504
18442777623144705588
9222380424213564300
6917281124480778979
10952692317974970553
16573231134775906351
13366679820548752395
3341669955137188098
5447103507211684928
10585147913657697040
7257972996841812165
1814493249210453040
14288681367584776972
3572170341896194242
10116414622328824369
7140789674009593997
1785197418502398498
9669671391480375432
11640789884724869666
16745255526463381129
18021371936898008995
