432319242520491390
108079810630122847
27019952657530711
6754988164382677
9225060783895871477
11529637232828743677
16717467363489349631
18014424896154501118
18338664279320788990
18419724125112360958
18439989086560253950
18445055326922227198
18446321887012720510
18446638527035343838
18446717687040999671
18446737477042413629
9223370387687991311
6917528615349385731
1729382153837346433
432345538459336609
108086384614834153
27021596153708539
6755399038427135
1688849759606782
422212439901694
105553109975422
9223398425132269662
11529221643137843223
16717363466066624517
18014398921798819841
18338657785731868673
18419722501715130881
18439988680710946433
9221683188605124513
6917106815578669032
1729276703894667258
432319175973666814
108079793993416703
27019948498354175
6754987124588543
1688746781147135
4612108205122674687
14988085106562832383
17582079331922871807
18230577888262881663
9169330490493108319
6904018641050664982
6337690678690054148
15419480724954677248
17689928236520833025
13645854095984984065
3411463523996246017
852865880999061504
213216470249765376
53304117562441344
13326029390610336
3331507347652584
832876836913146
208219209228286
52054802307070
13013700576766
3253425144190
813356286046
203339071510
4611686069262155780
14987979572597702656
17582052948431589376
9007199255535285248
6863485832311209217
1715871458077802305
428967864519450577
107241966129862645
26810491532465660
6702622883116414
1675655720779102
418913930194774
4611790746909936596
14988005742009647860
17582059490784575677
18230572927978307631
9169329250421964811
6904018331032879106
1726004582758219776
431501145689554944
107875286422388736
26968821605597184
6742205401399296
1685551350349824
421387837587456
105346959396864
26336739849216
9223378621039738112
11529216692114710336
16717362228310841296
18014398612359874036
18338657708372132220
18419722482375196766
18439988675875962902
18445055224251154436
18446321861344952320
18446638520618401792
18446717685436764160
13835051458213966848
12682134901408267520
12393905762206842688
16933534495833874384
8845069642385856500
6822953429023852028
1705738357255963006
426434589313990750
106608647328497686
26652161832124421
9230035077312806913
11530880806182977536
16717778256827908096
18014502619489140736
18338683710154448896
18419728982820775937
18439990300987357697
9221683593674227329
6917106916845944736
1729276729211486184
5044005200730259450
15096059355464728575
17609072894148345854
18237326278819250174
18394389624986976254
18433655461528907774
18443471920664390654
18445926035448261375
18446539564144229055
18446692946318220975
9223359255006943147
6917525832179123690
6341067476472168826
15420324924400205918
17690139286382215191
18257592876877717509
18399456274501593089
9211550087052786176
6914573540190584448
1728643385047646112
432160846261911529
108040211565477883
27010052891369471
6752513222842366
1688128305710590
422032076427646
105508019106910
26377004776726
6594251194180
9223373685417574352
11529215458209169396
16717361919834456060
18014398535240777726
18338657689092358142
18419722477555253246
9216616637816201214
6915840177881438206
1728960044470359550
432240011117589886
108060002779397470
27015000694849366
4618439768601100244
14989667997432438772
17582475054640273405
18230676818942232063
18392727260017721727
18433239870286594142
18443368022853812246
18445900060995616772
9223161033676292096
6917476276846460929
10952741106066391041
11961557313371373568
16825447383625007104
18041419901188415488
18345413030579267584
18421411312926980608
18440410883513908864
18445160776160640928
18446348249322323945
18446645117612744699
9223347297830574079
6917522842885031422
1729380710721257854
432345177680314462
108086294420078614
27021573605019652
6755393401254912
1688848350313728
422212087578432
105553021894608
26388255473652
6597063868412
1649265967102
412316491774
103079122942
25769780734
6442445182
9223372038465387102
11529215046471122583
16717361816899944357
18014398509507149801
13726971664231563259
3431742916057890815
857935729014472702
214483932253618174
53620983063404542
13405245765851134
3351311441462782
837827860365694
9223581493819867230
11529267410309742615
16717374907859599365
18014401782247063553
9115286463989153793
6890507634424676353
1722626908606169089
430656727151542272
107664181787885568
26916045446971392
9230101048216518656
11530897298908905472
16717782380009390080
8791131613429735424
6809468921784821760
1702367230446205440
9648963844466327168
11635612997971357600
16743961304775003112
18021048381475914490
18340320150651142334
18420138092944949295
9216720541663625227
6915866153843294211
1728966538460823553
432241634615205889
108060408653801473
27015102163450368
6753775540862592
1688443885215648
422110971303912
105527742825978
26381935706494
6595483926622
1648870981654
9223372449072521220
11529215149122906113
16717361842562890240
18014398515922886272
18338657684262885280
18419722476347885032
18439988674369134970
18445055223874447454
18446321861250775575
13834952502167469701
3458738125541867425
10088056568240242664
11745386178914836474
16771404600010872830
18027909205284881919
18342035356603384191
18420566894433009759
18440199778890416151
18445108000004767749
18446335055283355649
18446641819103002624
18446718510057914368
18446737682796642304
9223370439126548480
6917528628209025024
1729382157052256256
9655717576117839872
11637301430884235776
16744383413003222656
13409467890105581472
12575739009381171176
12367306789200068603
7703512715727405055
6537564197359239167
1634391049339809791
408597762334952447
102149440583738111
25537360145934526
6384340036483630
9224968121863896714
11529614067320749986
12105775553684963304
12249815925276016634
12285826018173779967
16906514559825608703
18061686695238565887
18350479729091805183
13810991969127727103
3452747992281931775
863186998070482942
215796749517620734
53949187379405182
9236859333699627102
11532586870279682583
16718204772852084357
18014609248495184801
18338710367405959913
18419735647133653691
18439991967065577135
9221684010193782187
6917107020975833450
6340962773671346266
15420298748700000279
17690132742457163780
18257591240896454656
18399455865506277376
18434922021658733056
18443788560696846976
18446005195456375456
18446559354146257576
18446697893818728106
9223360491882069930
6917526141397905386
6341067553776864250
15420324943726379774
17690139291213758655
18257592878085603375
9176084237948788747
6905707077914585090
1726426769478646272
431606692369661568
107901673092415392
26975418273103848
6743854568275962
1685963642068990
421490910517246
105372727629310
26343181907326
6585795476831
1646448869207
4611686430039605205
5764607625937289205
6052837924911710204
10736581518082703358
11907517416375451647
16811937409376026623
18038042407626170367
9121196620333930495
6891985173510870527
1722996293377717631
430749073344429407
107687268336107350
4638607835511414740
14994710014160017396
17583735558822168061
18230991944987705727
9169434004674314335
6904044519595966487
1726011129898991621
431502782474747905
107875695618686976
26968923904671744
6742230976167936
1685557744041984
421389436010496
105347359002624
26336839750656
6584209937664
1646052484416
411513121104
102878280276
25719570068
6429892516
1607473128
401868283
100467071
25116767
6279191
1569797
392449
98112
24528
6132
1532
382
94
9223372036854775830
16140901064495857668
4035225266123964416
1008806316530991104
252201579132747776
63050394783186944
9239134635550572544
11533155695742418944
16718346979217768448
8791272763231830016
6809504209235345408
1702376052308836352
14260652068359372800
8176849035517231104
2044212258879307776
511053064719826944
127763266179956736
31940816544989185
9231357240991023105
11531211347102531585
16717860892057796609
18014523278296612865
9115316838001541121
6890515227927773184
6334314825409331200
15418636761634496512
17689717245690787840
13645801348277472768
3411450337069368192
852862584267342048
213215646066835512
9276675948371484686
11542541023947646978
12109007292841687552
3027251823210421888
756812955802605472
189203238950651368
47300809737662842
11825202434415710
2956300608603926
739075152150980
184768788037744
46192197009436
11548049252359
2887012313089
721753078273
180438269569
45109567393
11277391849
2819347963
704836991
176209247
44052311
4611686018438400981
14987979559891763957
17582052945255104701
18230571291595939887
9169328841326372875
6904018228758981122
1726004557189745280
431501139297436320
9331247321679134888
11556183867274559531
7500731985246027787
6486869014738894851
1621717253684723713
405429313421180929
101357328355295233
25339332088823808
6334833022205952
9224955745110327296
11529610973132357632
16717460798565253120
8791051218068701184
6809448822944563201
1702362205736140801
425590551434035201
106397637858508801
26599409464627201
6649852366156801
1662463091539200
415615772884800
103903943221200
25975985805300
6493996451324
1623499112830
405874778206
101468694550
25367173636
6341793408
9223372038440224161
11529215046464831848
16717361816898371674
18014398509506756631
13726971664231464965
3431742916057866241
857935729014466560
214483932253616640
53620983063404160
13405245765851040
3351311441462760
837827860365690
9223581493819867230
11529267410309742615
16717374907859599365
18014401782247063553
18338658500843929601
18419722680493146113
9216616688550674433
6915840190565056512
1728960047641264128
432240011910316032
108060002977579008
27015000744394752
6753750186098688
1688437546524672
422109386631168
105527346657792
26381836664448
6595459166113
1648864791529
412216197883
9223372139908825279
11529215071831982127
16717361823240159243
18014398511092203523
18338657683055214593
18419722476045967361
9216616637438879745
6915840177787107841
1728960044446776961
432240011111694241
108060002777923560
27015000694480890
6753750173620222
1688437543405054
422109385851262
13835163582628626526
8070476914084544534
2017619228521136132
504404807130284032
126101201782571008
31525300445642752
4619567343538798592
14989949891166863360
17582545528073879552
13619008418873245696
3404752104718311424
851188026179577856
4824483024972282368
15041178811525234304
17595352758163472288
18233896244823031784
18393532116487921658
18433441084404144126
13831732307955811838
3457933076988952958
864483269247238238
216120817311809558
54030204327952388
13507551081988096
3376887770497024
844221942624256
211055485656064
52763871414016
13190967853504
3297741963376
9223372861290266652
11529215252177342471
16717361868326499329
18014398522363788544
18338657685873110848
18419722476750441424
9216616637614998260
6915840177831137469
1728960044457784367
432240011114446091
108060002778611522
27015000694652880
9230125787028439028
11530903483611885565
16717783926185135103
18014504036828447487
18338684064489275583
18419729071404482606
9216618286278508554
6915840589997015043
1728960147499253761
432240036874813441
9331432046073479169
11556230048373145600
16724115567375450112
18016086947126026240
18339079792063670272
18419828003298081280
18440015056106684032
9221689782454058912
6917108464040902632
15564335171292389370
8502769811250485246
2125692452812621311
531423113203155327
132855778300788831
33213944575197207
8303486143799301
2075871535949825
518967883987456
4611815760398384768
5764639958526984096
6052846008059133928
6124897520442171387
15366282435392706559
17676628664130340350
18254215221314748798
9175239823756075102
6905495974366406678
1726373993591601668
431593498397900416
107898374599475105
26974593649868777
6743648412467195
1685912103116799
421478025779198
105369506444798
9223398379231387006
11529221631662622559
16717363463197819351
13402712902654230645
3350678225663557661
837669556415889414
9432789425958748160
11581569393344462849
16730450403618279425
18017670656186733569
18339475719328847105
18419926985114375488
18440039801560757584
9221695968817577300
6917110010631782229
6340963521085333461
15420298935553497077
17690132789170537980
18257591252574798206
18399455868425863262
18434922022388629526
13832102542451933188
3458025635612983296
864506408903245824
216126602225811456
54031650556452864
13507912639113216
3376978159778304
844244539944576
211061134986144
52765283746536
13191320936634
3297830234158
824457558538
206114389634
4611686069955985312
14987979572771160041
17582052948474953723
18230571292400902143
18392700878382389247
18433233274877761023
13831680355574216063
3457920088893554015
864480022223388503
216120005555847125
54030001388961781
13507500347240444
3376875086810110
844218771702526
211054692925630
4611738782100619310
5764620713952542730
6052841196915523586
1513210299228880896
378302574807220224
94575643701805056
23643910925451264
5910977731362816
1477744432840704
369436108210176
92359027052544
23089756763136
5772439190785
1443109797697
360777449425
9223372127049138165
11529215068617060348
16717361822436428798
18014398510891270910
18338657683004981438
18419722476033409070
9216616637435740170
6915840177786322947
1728960044446580737
432240011111645185
108060002777911296
27015000694477824
6753750173619456
1688437543404864
422109385851216
105527346462804
26381836615701
6595459153925
1648864788481
412216197120
103054049280
25763512320
6440878080
1610219520
402554880
100638720
9223372036879935488
11529215046074759680
16717361816800853632
18014398509482377120
18338657682652757992
18419722475945353210
18439988674268502014
18445055223849289215
18446321861244486015
18446638520593285215
18446717685430485015
13835051458212397061
12682134901407875073
12393905762206744576
16933534495833849856
8845069642385850368
6822953429023850496
1705738357255962624
426434589313990656
9329980684183273472
16167553226327982081
13265260343436771329
12539687122713968640
16969979835960655872
18077553014272327680
9131074271995469824
6894454586426255361
1723613646606563841
430903411651640961
107725852912910240
26931463228227560
9230104902661832698
11530898262520233983
16717782620912222206
18014503710510219262
18338683982909718526
18419729051009593343
9216618281179786239
6915840588722334462
1728960147180583614
432240036795145902
108060009198786474
27015002299696618
6753750574924154
1688437643731038
422109410932759
4611791545780121093
14988005941727193985
8358687503859186400
6701357894392184504
10898711510452821934
11948049914467981291
12210384515471771131
3052596128867942783
763149032216985694
190787258054246422
47696814513561604
11924203628390400
2981050907097600
745262726774400
9223558352536469408
11529261624988893160
16717373461529387003
18014401420664510463
18338658410448291327
18419722657894236543
9216616682900947039
6915840189152624663
1728960047288156165
432240011822039041
108060002955509761
27015000738877441
6753750184719361
1688437546179841
422109386544960
105527346636240
9223398418691434868
11529221641527634524
16717363465664072342
18014398921698181796
18338657785706709160
18419722501708841002
18439988680709373962
18445055225459507203
18446321861647040513
18446638520693923841
18446717685455644673
18446737476646074880
18446742424443682432
9223371624538308512
6917528924561965033
1729382231140491259
432345557785122815
108086389446280703
27021597361570175
6755399340392543
1688849835098135
422212458774533
105553114693633
26388278673408
6597069668352
1649267417088
412316854272
103079213568
25769803392
6442450848
1610612712
402653178
100663294
25165823
6291455
1572863
393214
98302
24574
6142
1534
382
94
22
4
0
0
0
0
9223372036854775808
11529215046068469760
7493989779944505344
6485183463413514240
1621295865853378560
405323966463344640
9324703028470611968
11554547793972428800
16723695003775270912
8792609769371205632
6809838460770189312
1702459615192547328
9648986940652912640
11635618772018003969
16743962748286664705
18021048742353829889
9116948204015845377
6890923069431349248
10946102804212613120
11959897737907929088
16825032489759145984
18041316177721950208
9122015062857875456
6892189784141856769
1723047446035464193
430761861508866049
107690465377216512
26922616344304128
6730654086076032
1682663521519008
420665880379752
4611791184897482842
14988005851506534423
17582059518158797316
18230572934821863040
18392701288987629472
18433233377529071080
13831680381237043578
3457920095309260894
864480023827315223
216120005956828805
54030001489207201
9236879537227077608
16144277939588933114
4036069484897233278
1009017371224308319
252254342806077079
63063585701519269
15765896425379817
4615627492533732859
14988964928415596927
17582299287386062942
18230632877128679446
18392716274564333572
9209865087068471296
6914152290194505728
1728538072548626432
9655506554991932416
11637248675602758912
16744370224182853440
13409464592900489168
3352366148225122292
838091537056280572
9432894921118845950
11581595767134487295
16730456997065785535
18017672304548610095
9116104094564540427
6890712042068523011
1722678010517130753
9654041539484058497
11636882421725790432
12132592642286223416
3033148160571555854
758287040142888962
189571760035722240
47392940008930560
11848235002232640
4614648077177946065
5765348037721874421
6053023027857856509
1513255756964464127
378313939241116031
94578484810279007
23644621202569751
5911155300642437
1477788825160609
369447206290153
92361801572539
23090450393135
5772612598283
1443153149570
9223372397643063200
11529215136265541609
16717361839348549115
18014398515119300991
18338657684061988959
18419722476297660951
18439988674356578949
18445055223871308449
18446321861249990824
13834952502167273514
3458738125541818378
864684531385454594
216171132846363649
54042783211590913
13510695802897729
3377673950724433
844418487681109
211104621920276
52776155480068
13194038870016
3298509717505
824627429377
206156857345
51539214337
12884803584
3221200896
9223372037660076032
11529215046269794816
16717361816849612416
18014398509494566816
9115285645801029608
6890507429877645306
1722626857469411326
430656714367352830
107664178591838206
26916044647959550
9230101048016765694
11530897298858967231
16717782379996905519
8791131613426614283
6809468921784041475
1702367230446010369
425591807611502593
106397951902875649
26599487975718913
9230021908848705537
11530877514066952193
12106091415371513857
3026522853842878465
756630713460719616
189157678365179904
47289419591294976
11822354897823744
2955588724455936
738897181113984
184724295278496
46181073819624
11545268454906
2886317113726
721579278430
180394819606
4611686063526092804
14987979571163686913
17582052948073085440
18230571292300435072
18392700878357272480
18433233274871481832
13831680355572646266
3457920088893161566
864480022223290391
216120005555822597
54030001388955649
13507500347238912
3376875086809728
844218771702432
9223583091547701416
11529267809741701162
7494002970862813194
6485186761143091202
1621296690285772800
405324172571443200
9324703079997636608
11554547806854184960
16723695006995709952
8792609770176315392
6809838460971466752
1702459615242866688
14260672959092880384
8176854258200608001
2044213564550152001
511053391137538001
9351135384639160309
11561155883014565885
7501974989181029375
6487179765722645247
1621794941430661311
405448735357665327
101362183839416331
25340545959854083
4618021154917351425
14989563344011501569
17582448891285039104
13618984259676035584
3404746064919008896
851186516229752224
212796629057438056
9276571194119135322
11542514835384559639
12109000745700915717
