5871261221053232366
6079501323690695994
10743247367777449806
2685811841944362451
5283138978913478516
15155842800010533341
8400646718430021239
2100161679607505309
9748412456756652135
16272161169471326745
13291412329222607495
7934539100733039776
6595320793610647848
10872202235257437771
11941422595669135250
2985355648917283812
746338912229320953
186584728057330238
4658332200441720463
5776269068537818018
15279125322416618216
13043153367458930363
3260788341864732591
815197085466183146
14038857326648709499
17344772386944341086
4336193096736085271
1084048274184021316
9494384105400781136
11596968063204971092
12122614052656018580
12254025550018780452
3063506387504695112
765876596876173779
14026527204501207157
17341689856407465500
4335422464101866374
5695541634452854496
10647257445467989433
2661814361366997358
5277139608769137242
1319284902192284311
9553193262402846885
16223356370882875433
17890897148002882570
13696096323855496451
17259082136246037824
13538142570916285264
3384535642729071317
5457819929109655732
5976141000704801836
15329093305458364170
17667331381646754754
13640204882266464497
8021737238994004029
6617120328175888911
6265966100471360130
6178177543545227937
15379602441168470697
17679958665574281387
9031675684820958251
16092976976487403274
17858302299404014531
13687947611705779441
3421986902926444861
5467182744158999119
10590167722894525587
11870913967578407205
12191100528749377609
3047775132187344403
5373629801474224004
5955093468795943905
1488773367198985977
9595565378654522302
11622263381518406383
12128937882234377402
12255606507413370158
3063901626853342538
5377661425140723539
15179473411567344597
3794868352891836149
14783775143505122748
8307629804303668590
15911965506358080858
17813049431871683927
18288320413250084692
18407138158594684885
18436842594930834933
4609210648732708733
1152302662183177183
4899761683973182198
10448312457848071356
2612078114462017839
14488077583897668171
8233705414401804947
2058426353600451237
5126292606827500712
15116631206989038891
13002529838602035531
7862318478077896786
11188951656374250004
16632295969375726212
17993132047626095265
18333341067188687529
13806707303651947691
17286734881195150635
13545055757153563467
3386263939288390867
5458252003249485621
5976249019239759308
6105748273237327730
6138123086736719837
6146216790111567862
6148240215955279868
6148746072416207870
15372244573386215679
17678119198628717631
9031215818084567310
16092862009803305539
4023215502450826385
5617489894040094501
1404372473510023624
351093118377505906
4699459298021764381
10398236861360216903
7211245233767442128
15637869363724024245
13132839377785781868
12506581881301221274
12350017507180081127
3087504376795020281
5383562112626142974
10569262565011311551
11865687678107603694
2966421919526900923
9964977516736501038
16326302434466288970
17916633663898735955
18314216471256847701
13801926154668987733
12673853575522022741
12391835430735281492
16933016912965984085
13456626265096271828
3364156566274067956
14676097196850680701
12892396336067445982
3223099084016861494
5417460789431603277
1354365197357900819
9561963336194251012
7002176852475950656
6362230231546375569
15425615613168757604
17691461958574353113
18257923544925751990
13787852923086213805
3446963230771553450
10085112844547664170
11744650247991691851
2936162561997922962
9957412677354256548
16324411224620727848
17916160861437345674
18314098270641500131
13801896604515150840
8062160169556175614
15850598097671207615
13186021561272577711
12519877427172920235
3129969356793230059
5394178357625695418
15183602644688587567
3795900661172146890
14784033220575200435
8307694323571188013
2076923580892797002
14354288950505362963
3588572237626340740
897143059406585185
9447657801706422105
6973600468853993430
10966772154068274165
11965065075371844348
12214638305697736895
3053659576424434222
14598472949388272267
17484676292629231778
18206227128439471657
13774928818964643723
12667104241595936738
7778462078826372089
1944615519706593022
5097839898354036158
1274459974588509039
14153673048929290971
17373476317514486454
4343369079378621613
5697528288272043307
10647754108922786634
11885310564085472467
12194699677876143925
12272046956323811789
16903069794363116659
8837453467018167068
6821049385181929670
10928634383150258225
2732158595787564556
14518097704229054850
17464582481339427425
13589517657189632665
12620751451152183974
16990245918070209704
18082619534799716138
13744026920554704842
12659378766993452019
12388216728603138812
16932112237432948415
18068086114640400815
18352079583942263915
9199705914412953883
2299926478603238471
14410039674932973328
8214195937160631236
11276921021144933616
16654288310568397117
17998630132924262990
4499657533231065746
14959972438589930148
8351679128074870440
11311291818873493419
16662881010000537067
18000778307782297979
18335252632227738207
18418871213339098262
4604717803334774564
1151179450833693640
4899480881135811314
15059928275566116541
8376668087318917038
2094167021829729259
14358599810739596027
12813021989539674814
17038313552667082415
8871264406594158507
6829502120075927531
15542433585301145595
3885608396325286399
10194774135936097407
11772065570838800159
2943016392709700039
9959126135032200816
11713153570612826012
7539974411080594406
1884993602770148600
5082934419119925055
15105791660062144974
12999819951870312051
3249954987967578012
812488746991894502
4814808205175361528
5815388069721228287
10677219054285082878
2669304763571270719
9890698227747593486
2472674556936898370
5229854657661612496
15142521719697566836
8397316448351779613
11322701148942720710
2830675287235680176
5319354840236307949
5941524728486464890
6097067200549004127
6135952818564638934
10757360241495935540
2689340060373983885
14507393070375659683
17461906322876078633
13588848617573795466
17232270209675612578
13531439589273678952
17217917952600583451
4304479488150145863
5687805890464924369
15257009527898394805
8425938400401986604
2106484600100496650
9749993186879899970
2437498296719974992
9832746611034769557
7069872671186080292
1767468167796520073
14276925097231293731
17404289329589987144
8962758350824884690
16075747642988384885
8630622929174484124
11381027769148396839
7456942960714487112
1864235740178621778
466058935044655445
116514733761163861
4640814701867678869
5771889693894307620
15278030478755740616
17654565674971098867
4413641418742774717
1103410354685693679
275852588671423418
9292335184022631662
2323083796005657915
580770949001414479
13980250792532517331
17330120753415293044
18167588243635986972
4541897060908996742
14970532320509412897
3742633080127353224
5547344288459226211
15221894127396970264
8417159550276630471
6715975905996545521
1678993976499136381
5031434512552171999
15092916683420206711
12996601207709827484
12472522338782232679
7729816603122946073
11155826187635512326
16624014602191041793
17991061705829924161
18332823481739644752
4583205870434911188
10369173504463503604
16427351431398039612
13330209894704285710
12555924510530847234
12362353164487487616
12313960327976647713
12301862118848937736
16910523584994398147
4227630896248599537
10280279760916925692
16405127995511395134
4101281998877848783
14860378555001625906
8326780657177794381
2081695164294448595
5132109809501000053
15118085507657413725
17614579432196517142
13627016894903905093
8018440242153364176
6616296078965728948
1654074019741432236
14248576560217521770
8173830158481768346
15878515594902605799
13193000935580427257
17133308289177270526
13506699109149093438
3376674777287273358
844168694321818339
9434414210435230393
11581975589463583407
16730551952648059563
18017696043444178603
4504424010861044651
10349478039570036971
11810741546747285051
2952685386686821262
738171346671705315
184542836667926329
9269507746021757390
16152434991787603059
17873166803229064477
18303349756089429830
18410895494304521169
13826095910430906100
12679896014462502333
3169974003615625583
792493500903906394
14033181430508140310
8119981376054422980
2029995344013605744
5119184854430789341
10503168250462473142
16460850117897781996
4115212529474445499
10252175169223387182
16398101847588010507
17934583517179166339
9095331897722179488
2273832974430544872
9791830280462412026
16283015625397766718
8682439924776829582
16005668036476371106
8613103027546480681
6764961775314008075
10914612480683277826
16563711175452983168
4140927793863245792
10258603985320587256
2564650996330146815
9864534785937312511
7077819714911716030
1769454928727929006
14277421787464145963
12792727483720812299
17033239926212366787
18093368036835255409
9135028027636201757
11507129043763826246
2876782260940956560
719195565235239141
9403170928163585592
2350792732040896398
5199384201437612003
10523218087214178808
11854176558658320510
2963544139664580126
5352572053343532935
10561515050190659040
2640378762547664760
9883466727491691998
7082552700300310903
10994010211929853532
2748502552982463383
5298811656673003748
15159760969450414649
8401626260789991566
2100406565197497891
5136787659726762376
5895882933359078499
15309028788621933336
8438943215582871238
6721421822323105712
10903727492435552236
11949303909963663866
12210698014345691774
16887732558868586655
8833619158144534566
11431776826390909448
2857944206597727363
14549544106931595552
12860758063587674696
3215189515896918674
10027169415829005477
7118478372384639272
15614677648378323531
17738727467376744595
9046367885271574052
16096650026600057225
4024162506650014306
10229412663517279384
7169039184306707751
11015631832931452745
7365593976660251091
11064770531019838581
16601250688037123357
4150312672009280839
10260950204857096016
7176923569641661908
6405916910837803380
10824851264564226653
16541270871423220375
8747003736283192996
16021808989352961960
17840510302620404203
4460127575655101050
10338403930768551070
11807973019546913574
12175365291741504200
12267213359790151859
7678489358374925868
1919622339593731467
14314963640180596579
3578740910045149145
5506371245938675191
10599964848339444605
16485049267367024863
4121262316841756215
1030315579210439052
257578894802609763
64394723700652441
9239470717779938918
2309867679444984728
14412524975143409895
17438189299068016184
13582919361621779855
12619101877260220770
16989833524597218904
8859144399576692631
6826472118321561060
1706618029580390265
14261712562677261279
8177114159096703222
2044278539774175805
5122755653370931855
1280688913342732963
14155230283617846952
17373865626186625450
18178524461828820074
18379689170739368730
9206608311112230087
6913338096205445425
6340020542478749261
1585005135619687314
14231309339187085540
8169513353224159289
15877436393588203535
13192731135251826691
3298182783812956673
14659603751235402881
12888272974663626529
12445440280520682441
12334732106984946418
16918741082028400317
13453057307361875887
12586636363695244779
16981717146205974906
4245429286551493726
5673043340065261335
6029946853443703236
6119172731788313712
15364851238229242140
8452898827984698439
15948282762278338321
8598756708996972485
2149689177249243120
5149108312739698685
15122335133467088382
3780583783366772094
14780204001123856734
8306737018708352086
6688370273104475924
6283778586703506885
1570944646675876720
9616108198523744989
2404027049630936247
601006762407734060
13985309745884097226
8108013454898412210
11250375400579378861
7424279868572232619
6467755985570446059
10840311033247387323
11933449795166622638
12206734485646431467
7663369639838995770
6527528428387136846
1631882107096784210
9631342563628971860
11631207677762018773
16742859974722668404
13409087030535442909
7963957776061248630
6602675462442700060
1650668865610675015
5024353234830056657
10479460345562289972
7231551104817960397
15642945831486653811
17745794513153827164
4436448628288456790
5720798175499502100
15265257599157039237
8428000418216647713
11330372141408937736
7444279053779622338
1861069763444905585
14300325496143390109
17410139429318011239
13575906894184278617
8005662741973457559
2001415685493364388
14335411976655504808
12807225031018652011
17036864313036826715
8870902096686594582
6829411542599036549
15542410940931922848
17720660790515144424
18265223252910949818
4566305813227737455
1141576453306934363
285394113326733590
13906406583613847109
8088287664330849680
11245443952937488228
7423047006661759961
11079133788520215798
11993155483984829756
12221660907850983247
12278787263817521618
12293068852809156212
3073267213202289052
14603374858582735975
17485901769927847704
8983161460909349830
11469162402082113264
16702348655802692028
8787273182378060911
6808504314021903131
1702126078505475782
425531519626368945
106382879906592236
26595719976648058
6648929994162014
9225034269353316311
2306258567338329076
14411622697116745981
17437963729561350207
4359490932390337551
1089872733097584386
9495840220129171904
2373960055032292977
9816862050612849053
16289273567935375975
13295690428838619800
12547294644064430758
3136823661016107689
10007577952108802731
2501894488027200683
5237159640434188075
1309289910108547019
4939008495954524659
5846438142416019069
15296667590886168479
13047538934576317927
7873570752071467385
6580078706445254751
1645019676611313686
9634626956007604229
11632028775856676865
16743065249246332929
18020824367593746944
18340264147180600448
18420124092077313824
18440089078301492168
18445080324857536755
4611270081214384188
14987875575585759758
12970340930751215746
3242585232687803937
10034018345026726793
16343562641538845411
8697576678812099257
16009452224985188527
4002363056246297131
10223962800916350091
11779362737083863331
7556526702698353736
6500817694101976338
1625204423525494085
5017987124308761425
10477868817931966165
2619467204482991541
654866801120747885
13998774755562350682
3499693688890587670
14709981477504810628
12900867406230978464
3225216851557744616
806304212889436155
4813262071649746943
5815001536339824638
1453750384084956159
363437596021239039
9314231435860085567
16163615914247185103
4040903978561796274
1010225994640449069
4864242517087500170
1216060629271875042
14139073212600132472
12758140340004808927
3189535085001202230
5409069789677688460
15187325502701585826
13020203412530172265
17090108908414706779
18107585282385840407
13750268357451235909
8049253107790196880
6623999295374937125
10879371860698510088
7331528983602015426
1832882245900503856
9681592598329901773
2420398149582475443
5216785555823006764
1304196388955751691
9549421134093713731
2387355283523428433
5208524839308245013
1302131209827061253
9548904839311541120
2387226209827885280
9820178589311747128
2455044647327936782
14448819217114147907
8223890822705924880
11279344742531257029
7431522204060202161
11081252587869826349
7381999165394844490
1845499791348711122
461374947837177780
4727029755386682349
1181757438846670586
295439359711667647
9297231876782692718
6935993987623061082
6345684515333153174
10809793165688064100
2702448291422016025
5287298091282891910
1321824522820722977
14165514185987344456
3541378546496836115
14720402691906372740
17515158728258756896
4378789682064689224
14929755475798336018
3732438868949584005
933109717237396000
9456649466164124808
11587534403395807011
16731941656131115465
13406357450887554674
12574961399576664476
16978798405176329831
4244699601294082456
5672860918750908519
1418215229687727129
14189611862704095494
12770775002530799680
3192693750632699921
5409859456085562885
10575836900876166528
2643959225219041633
5272675824732148312
1318168956183037078
4941228257473147172
15070365119650450504
3767591279912612626
14776955875260316869
12917611005669855025
12452774788272239564
16948251752350223603
18072120993369719613
13741402285197205710
17270408626581465139
4317602156645366285
14914458594443505283
17563672703893040032
9002604194400647913
6862337067027549882
10938956303611663278
7346425094330303722
11059978310437351738
7376680596036725838
6455856167436569363
15449022097141306053
3862255524285326513
14800621936353495340
12923527520943149643
3230881880235787410
10031092506913722661
16342831182010594376
17920765850784812306
9091877481123590981
2272969370280897745
5179928360997612340
5906668108676790989
15311725082451361458
17662989325895004076
18250805386755914730
9174387365116366587
6905282859706479551
10949692751781395695
11960795224800124731
16825256861482194895
18041372270652712434
18345401122945341821
13809722317591111263
12675802616252553623
3168950654063138404
14627295718797948312
12880195966554262887
12443421028493341528
7722541275550723287
1930635318887680820
9706030866576696012
2426507716644174002
606626929161043501
4763342750717648778
15025893742961575907
17591531491022557688
13621254909610415231
3405313727402603806
14686386487132814662
8283282640210591569
2070820660052647892
517705165013161973
129426291253290493
32356572813322622
9231461180058106463
6919551313441914519
10953259865215254437
11961687003158589416
7602107769217035259
6512212960731646719
1628053240182911678
9630385346900503726
11630968373579901738
16742800148677139147
18020758092451448499
4505189523112862124
10349669417632991339
7199103372835635739
1799775843208908935
5061629979229615136
5877093513234791689
10692645415163473731
7284847372218256336
11044583879909339892
7372831988404722877
6454894015528568623
10837095540736917963
16544331940466393203
8747769003543986205
16022000306168160263
13228872113396815872
7918904046776591873
1979726011694147969
494931502923536993
9347104912585660056
11560148265001190823
7501723084677685609
1875430771169421402
9692229729647131158
11646429469266558596
12134979404171415457
12257116887897629672
16899337277256571130
8836520337741530687
6820816102862770574
15540262080997856354
17720123575531627801
4430030893882906950
10330879760325502544
2582719940081375636
5257366003447731813
1314341500861932953
14163643430497646951
17375968912906575448
4343992228226643862
14921056112338824676
3730264028084706168
932566007021176543
14068199557037457846
3517049889259364460
5490948490742229019
10596109159540333062
7260713308312471169
6426864345505505696
6218402104803764329
15389658581483104794
8459100663798164103
6726461184376928928
6293301314521620137
6185011347057792938
10769624873619224042
16527464273686969722
4131866068421742431
14868024572387599319
3717006143096899828
929251535774224957
232312883943556239
9281450257840664867
6932048582887554120
10956384182576664339
16574154100926329796
17978596580513746160
4494649145128436540
5735348304709497038
15268895131459537971
17652281838147048204
13636442496391537859
3409110624097884464
852277656024471117
14048127469288281491
12735403904176846180
17018909031326375256
13478099294686369623
17204582878953756117
18136203775020602741
13757422980609926492
12662727782007257431
12389053982356590164
16932321550871311252
18068138442999991525
9128720629177385785
16117238212576510159
17864367608426291250
13689463938961348620
3422365984740337154
5467277514612472192
1366819378653118048
4953390863090667416
15073405771054830566
8380037461191095545
6706695383725161791
6288359864358678350
15407148021371833299
17686845060625122037
18256769320438444220
18399250385391774767
18434870651630107402
18443775718189690563
13834315966402198449
12681951028455325420
3170487757113831354
5404307957705845742
15186135044708625147
17631591816459319998
13631269990969605807
17242875553024565163
18145776943538305003
9148130254311964155
6898718582005378943
1724679645501344735
431169911375336182
107792477843834045
9250320156315734318
11535952075933709387
2883988018983427346
9944369041600632645
16321150315682321872
13303659615775356276
12549286940798614876
3137321735199653719
10007702470654689237
7113611636091060213
1778402909022765052
444600727255691262
9334522218668698622
6945316573094562558
1736329143273640638
5045768304245798063
10484814112916225322
11844575565083832139
16796201946553121747
18034108541920444148
9120213153907498941
11503425325331650542
2875856331332912635
5330650101260616063
5944348543742541919
10709459172790411287
11900736830052378629
7586870225940482560
15731775611767284352
13156315939796596897
12512451021803925032
12351484792305757067
12311243234931215074
7689496827160191672
6534060225217435823
1633515056304358955
408378764076089739
13937152746301186147
8095974205002684440
11247365588105446919
16646899452308525440
13385096899931907169
3346274224982976792
836568556245744199
209142139061436048
9275657571620134820
2318914392905033705
14414786653508422138
3603696663377105535
900924165844276382
4836917059888456999
5820915283399502152
15290286876132039251
3822571719033009813
10179014966613028261
7156439760080644968
11012481976874937051
2753120494218734262
688280123554683565
4783756049316058794
5807625030756402603
15286964312971264363
8433427096670203995
6720042792594938903
15515068753430898436
17713825243639888321
9040142329337359985
6871721600761727901
10941302437045207782
7347011627688689849
11060124943776948271
11988403272799012874
2997100818199753218
5360961222977326208
10563612342599107360
11864275122504552649
2966068780626138162
14576575250438698252
8255829831037062466
6675643476186653520
1668910869046663380
5028913735689053748
1257228433922263437
14149365163762729571
12760713327795458200
7801864350376252455
