18419931936717838312
18440041039461623291
13833382296720181631
3458345574180045406
10087958430399787159
7133675626027334692
11006790943361609480
16586755791122566083
8758374966208029425
6801279759979395261
1700319939994848815
425079984998712203
106269996249678051
13861625554344583225
8077092407013533710
2019273101753383426
504818275438345856
9349576605714362272
11560766188283366376
7501877565498229498
6487155409801945278
10845160889305262127
2711290222326315530
5289508574008966787
1322377143502241697
330594285875560425
82648571468890107
20662142867222527
5165535716805631
1291383929201407
322845982300350
80711495575087
9223392214728669578
16140906108964331107
4035226527241082777
10232178668665046503
16393102722448425336
4098275680612106334
1024568920153026582
4867828248465644549
15052015117398574849
17598061834631807424
4399515458657951856
10323250901519263772
16415870780661979655
17939025750447658624
18319814492894078368
18415011678505683304
4603752919626420826
10374310266761381014
16428635621972508964
17942216960775290952
18320612295475986450
18415211129151160324
18438860837569953792
18444773264674652161
18446251371450826753
18446620898144870400
18446713279818381312
18446736375236759040
18446742149091353473
18446743592555002081
18446743953420914233
13835058025210004367
3458764506302501090
864691126575625273
9439544818498682127
11583258241479446339
16730872615652025296
18017776209195170036
18339502107580956220
18419933582177402766
9216669413971738594
6915853371920322553
6340649361407468543
15420220395634030847
17690113154190671423
18257586343829831567
9176082604384845795
16129078706378375161
8643955695021981694
11384360960610271231
16681148295434731519
18005345129140846591
18336394337567375359
18419156639674007551
18439847215200665599
18445019859082330111
18446313020052746239
9223264273440574463
6917502086787531519
10952747558551658687
11961558926492690478
16825447786905336330
13429733983581109890
3357433495895277472
839358373973819368
209839593493454843
52459898373363711
13114974593340926
3278743648335230
9224191722766859614
11529419967546490710
16717413047168786388
18014411317074360308
18338660884550753788
18419723276419852158
18439988874387126750
18445055273878945398
9222949836897124253
16140795514506444775
13258570915481387001
17149700784152510463
18122483251320291326
13753992849684848638
3438498212421212159
859624553105303038
9438278175131101566
11582941580637551199
7507421413586775703
11100227390251469733
7386742865990255336
1846685716497563835
461671429124390959
115417857281097739
28854464320274434
7213616080068608
9225175440874792960
11529665897073474049
16717474529550532225
18014426687669796769
18338664727199612905
13808038218654679035
3452009554663669759
863002388665917439
9439122634021255167
2359780658505313790
14425003219908492158
12829622841831898846
17042463765740138423
18095673996717198316
13747290536034075386
3436822634008518846
14694263713784293423
8285251946873461258
2071312986718365315
517828246679591329
129457061669897833
32364265417474459
8091066354368615
13837080821870755864
8070956223895076870
2017739055973769217
504434763993442304
126108690998360576
9254899209604365952
16148782857683255201
4037195714420813801
5620984947032591354
15240304292040311550
17645134128292241599
18246341587355224110
9173271415266193930
6905003872243936386
1726250968060984096
9654934778870021832
11637105731572281266
16744334488175234028
18021141677325972218
18340343474613656767
18420143923935577903
18440094036266058186
4610023509066514546
1152505877266628636
4899812487744045062
10448325158790787072
11835453326552472577
16793921386920281857
18033538402012234177
13731756637357834353
3432939159339458589
858234789834864647
214558697458716161
53639674364679040
9236781955445945568
6920881507288874296
1730220376822218574
5044241112632942547
1261060278158235637
315265069539558909
78816267384889726
19704066846222430
4926016711555606
1231504177888900
307876044472224
76969011118057
19242252779515
9223376847417970686
11529216248709268478
7493990080604705023
6485183538578564158
1621295884644641038
9628696008015936066
11630546038858759824
16742694564996853668
18020731696531377129
18340240979415007995
18420118300135915711
18440087630316142639
18445079962861199371
18446328045997463554
18446640066781529601
18446718071977546112
18446737573276550240
9223370411746525464
6917528621364019270
6341068173768392721
15420325098724261892
17690139329963229185
18257592887772971008
4564398221943242752
10364471592340586496
16426175953367310337
8718230006769215489
6791243520119691776
1697810880029922944
9647824756862256544
11635328226070339945
12132204093372360795
3033051023343090199
758262755835772548
189565688958943137
47391422239735785
9235219892414709755
11532177009958453247
16718102307771777023
18014583632225107967
18338703963338440703
18419734046116773887
9216619529956581375
6915840900916533246
10952332262083909118
11961455102375753086
16825421830876101982
8818041476146413398
16039568424318767060
17844950161361855476
4461237540340463869
1115309385085115966
9502199383126054798
11598921882636289506
16734788525941236089
18018755186767472735
18339746851974031894
13808308749848283780
12675449224316846752
3168862306079211689
792215576519802923
4809739912557338635
5814120996566722562
1453530249141680640
9586754599140195968
16231746705067212704
4057936676266803176
1014484169066700795
4865307060694063103
15051384820455679487
17597904260396083583
9011162083526408799
6864476539308990103
1716119134827247525
429029783706811881
4718943464354090874
15014793921370686430
12977070517197447415
3244267629299361853
10034438944179616270
2508609736044904066
627152434011226017
13991846163784970217
12721333577801018362
12403705431305030398
12324298394681033406
16916132653952422063
18064091218770269227
18351080859974731019
9199456233421070659
6911550076782655569
1727887519195663892
431971879798915972
107992969949728992
26998242487432249
4618435579049245966
14989666950044475203
8359102755938506704
15924833744266790389
13204580472921473404
17136203173512532062
18119108848660296726
18364835267447237892
18426266872143973184
18441624773318157009
9222092211756927157
16140581108221395501
4035145277055348875
14843844374546000930
12934333130491276041
17068641337904982722
8878846352903633584
2219711588225908396
554927897056477098
9362104011118895082
11563898039634499579
2890974509908624895
722743627477156222
180685906869289054
9268543513572098070
2317135878393024517
5190969988025644033
1297742497006411009
324435624251602752
4692794924490288592
5784884749549960052
6057907205814877916
1514476801453719478
378619200363429869
4706340818518245371
15011643259911725055
17587968870260094975
9008678235992411647
6863855577425490815
1715963894356372703
9652363010443868983
11636462789465743053
16744173752648599475
18021101493444313580
4505275373361078394
10349690880195045407
16422480775330925063
17940678249114894977
9096855580706111648
6885899913603915816
1721474978400978954
430368744600244739
107592186150061185
9250270083392291105
11535939557702848585
16719042944707875859
18014818791459132677
18338762753146946880
18419748743568900432
18439995241174388820
9221684828720985109
16140479262462409989
13258491852470378304
17149681018399758289
18122478309882103285
18365677632752689533
18426477463470336095
18441677421149747735
18445477410569600645
18446427407924563873
18446664907263304681
18446724282097989883
9223367088951885374
6917527790665359247
1729381947666339810
432345486916584952
108086371729146238
9250393629787062367
16147656462728929303
4036914115682232325
1009228528920558080
252307132230139521
63076783057534881
15769195764383721
4615628317368483835
5765593097769508862
6053084292869765118
1513271073217441279
378317768304360319
9317951478930865887
16164545925014880183
13264508518108495852
17151185184809287675
4287796296202321919
1071949074050580479
14103045323794808831
8137447349376090111
2034361837344022526
9731962496190781438
11656362660902471167
16749148720507781503
4187287180126945375
10270193831886512150
16402606513253791748
17935709683595611648
9095613439326290816
6885589378258960609
1721397344564740153
9653721372995960847
11636802380103766018
16744258650308105217
18021122717859190017
18340338734746961217
13808456720541516113
12675486216990154837
12392243591102314517
7709746916202966533
6539122747478129537
1634780686869532384
9632067208572158904
2408016802143039726
5213690218963147835
5915108573168174863
15313835198574207427
8440144818070939760
15945094259799898652
13209645601804750470
17137469455733351328
18119425419215501544
18364914410086039098
9202914620948897678
2300728655237224418
14410240219091469817
8214246073200255359
6665247536727451743
1666311884181862935
9639950007900241541
16245045557257224097
4061261389314306024
5627001365755964411
10630122378293766911
2657530594573441726
664382648643360430
166095662160840106
41523915540210027
10380978885052507
2595244721263127
648811180315781
4611848221222466849
14988020110587780425
17582063082929108819
9007201789159665108
6863486465717304181
6327557634856713948
6193575427141566390
6160079875212779501
10763392005657970683
11914220038269268478
16813613064849480830
18038461321494533918
18344673385655797190
18421226401696113008
13828678637278804061
3457169659319701015
864292414829925253
216073103707481313
54018275926870329
9236876605836493390
11532591188313899154
16718205852360638500
8791237481517547528
6809495388806774786
1702373847201693696
425593461800423424
4718084383877493760
15014579151251537152
17588702843095048001
4397175710773762001
1099293927693440501
14109881537205523836
3527470384301380959
5493553614502733142
1373388403625683285
343347100906420821
85836775226605205
9244831230661427109
11534579844520132585
16718703016412196859
18014733809385212927
18338741507628466943
9196371395334504639
16134150904115789871
4033537726028947466
5620070449934624771
1405017612483656193
351254403120914048
9311185637635004320
6939482427836138984
15569928662241198458
3892482165560299614
973120541390074902
4854966153774906628
15048799593725890368
17597257953713636305
9011000506855796981
6864436145141337148
1716109036285334286
9652399295926109378
11636471860836303153
12132490002063851597
3033122500515962899
9981652661983766532
11718785202350717440
16764754355869843073
13414560625822236577
12577012193310334952
12367625085182359546
16926964326577753598
18066799136926602110
18351757839513814238
9199625478305841462
6911592388003848268
1727898097000962066
431974524250240517
107993631062560129
26998407765640032
4618435620368797912
14989666960374363191
8359102758520978700
6701461708057632579
1675365427014408145
9642213393608377845
16245611403684258172
4061402850921064542
1015350712730266134
4865523696609954436
15051438979434652320
17597917800140826793
13622851486889982507
3405712871722495626
851428217930623907
212857054482655976
53214263620663994
13303565905165998
9226697928331067306
11530046518937542635
16717569685016549371
18014450476536301054
18338670674416238974
18419725723886223454
18439989486253719574
18445055426845593604
9222949875138786305
2305737468784696576
14411492422478337857
17437931160901748177
4359482790225437045
1089870697556359260
14107525729671253527
17361939487699977092
4340484871924994272
5696807236408636473
1424201809102159119
9579422489130315586
16229913677564742608
17892536474673349364
18308192173950501052
13800420080342401070
3450105020085600266
862526255021400066
4827317582182737920
15041887450827848192
8372157881134349952
11316411507138363297
7440788895211978729
11083569260657770491
2770892315164442622
5304409097218498558
1326102274304624638
331525568576156158
82881392144039038
9244092384890785566
11534395133077472198
16718656838551531760
18014722264920046653
9115366584657399567
16113899701446513603
4028474925361628400
1007118731340407101
4863465701262489678
5827552443743010322
1456888110935752580
9587594064588713953
16231956571429342200
4057989142857335550
1014497285714333887
253624321428583471
9286778117211921675
11545066566157756226
16721324696821602769
8792017192632788597
6809690316585585052
1702422579146396262
425605644786599064
4718087429624037671
15014579912688173129
17588703033454206995
18232233813645715461
18393116508693592577
18433337182455561856
18443392350896054176
18445906143006177257
18446534591033708027
18446691703040590719
13835044962614923486
3458761240653730870
5476376328590820620
10592466119002480962
11871488566605396048
12191244178506124821
7659497063053919109
6526560284190867681
6243326089475104825
15395889577650939919
17684030449694898691
18256065667705888384
18399074472208635808
18434826673334322664
13832078705188356474
3458019676297089119
864504919074272278
216126229768568068
9277403594296917824
11542722935429005265
2885680733857251316
9944792220319088637
16321256110361935871
17915372082872647679
18313901076000325631
18413533324282245119
18438441386352724991
18444668401870344959
18446225155749749951
18446614344219601198
9223339604482288202
16140892956402735763
4035223239100683940
5620491828202558888
6016808975478027626
15339260299151670619
17669873130070081367
18252526337799684052
4563131584449921012
10364154932967256060
16426096788523977726
17941582252413158142
18320453618385453246
4580113404596363310
1145028351149090826
14121315143069436418
12753700822622134913
17023483260937697441
18090928870516588072
9134418236056534922
16118662614296297442
13253037690428850168
17148317477889376254
18122137424754507775
13753906393043402751
3438476598260850687
859619149565212670
9438276824246078974
11582941242916295551
16730793366011237599
8794384359930197303
6810282108409937228
1702570527102484306
425642631775621077
9329782694798681077
11555817710554446077
16724012482920775230
8792689139157581710
16033230340071559139
13231679621872665592
17142977960750330110
18120802545469746239
18365258691649600271
18426372728194563779
18441651237330804656
13833784846187476972
3458446211546869242
864611552886717311
216152888221679327
9277410258910195639
11542724601582324716
12109053187250356987
3027263296812589247
756815824203147310
189203956050786826
47300989012696706
11825247253174176
2956311813293544
739077953323386
184769488330846
9223418229226858518
11529226594161490436
16717364703822536321
18014399231237797793
18338657863091613160
13808036502627679098
3452009125656919774
10086374318269005751
16356651634849415148
4089162908712353786
1022290727178088446
255572681794522111
9287265207303406335
11545188338680627391
12109669121524932655
12250789317236008970
12286069366163778050
16906575396823108225
18061701904487940769
9127111494549373097
11505149910492119082
7487973496050417675
6483679392439992322
15455977903392161792
17699052531130204161
9036449151209938945
6870798306229872640
1717699576557468160
429424894139367040
107356223534841760
9250211092738486248
11535924810039397370
16719039257792013054
18014817869730166975
18338762522714705455
9196376649106064267
6910780180703903971
1727695045175975993
431923761293993999
107980940323498499
26995235080874624
6748808770218656
1687202192554664
421800548138666
9223477486991810474
11529241408602728426
16717368407432845818
8791028120285599359
16032815085353563550
4008203771338390886
14837108998116761433
12932649286383966167
17068220376878155253
18102113149501702525
13748900324230201439
12660597117912326166
12388521316332857349
16932188384365378049
18068105151373508225
18352084343125540769
9199707104208773097
16134984831334356986
13257118244688365055
7925965579599479166
6593177413327257695
1648294353331814423
412073588332953605
103018397083238400
25754599270809601
6438649817702401
4613295680881813505
14988381975502617089
17582153549157817984
9007224405716842400
6863492119856598505
1715873029964149627
9652340294345813215
11636457110441229111
12132486314465083085
3033121578616270771
758280394654067692
9412942135518292731
11576607570734348991
7505837911110975150
6488145496205131690
1622036374051282923
405509093512820731
101377273378205183
25344318344551295
6336079586137823
4613270038323922359
14988375564863144301
12970465928070561882
3242616482017640470
810654120504410117
9426035566980878337
6968194910172607489
10965420764397927680
16576413246381645633
17979161366877575121
9106476360146781685
6888305108464083324
1722076277116020830
430519069279005206
4719315785747139204
15014887001718948512
17588779805711900840
4397194951427975210
10322670774711769611
7192353712105330306
6409774446453720480
1602443611613430120
400610902903357531
9323524762580615191
11554253227499929605
7500249325302370305
6486748349752980480
1621687087438245120
405421771859561280
101355442964890320
9248710897595998388
2312177724398999597
14413102486381913611
12826647658450254211
17041719969894727265
8872116010901069720
16053087058007431142
4013271764501857785
1003317941125464446
14085887540563529823
17356529940423046166
8950818503533149444
6849390644310675264
1712347661077668816
428086915269417204
107021728817354300
26755432204338574
6688858051084642
1672214512771160
418053628192790
104513407048196
9223398165206537856
11529221578156410273
16717363449821266280
4179340862455316570
1044835215613829143
4872894822330845189
1218223705582711297
304555926395677825
76138981598919457
19034745399729865
4758686349932466
9224561708442258924
11529512463965340539
16717436171273498847
8791045061245762614
11421133302166216460
2855283325541554115
5325506849812776433
5943062730880582013
10709137719574921311
2677284429893730327
669321107473432581
14002388332150521857
17335655138319794176
18168971839862112256
9153928978392915968
16123540299880392704
13254257111824873984
7925250296383606401
6592998592523289505
1648249648130822376
9635434448887481402
16243916667504034062
13284351203730784322
12544459837787471888
12359486996301643780
3089871749075410945
772467937268852737
9416489021171988993
11577494292147773057
16729431628319106977
8794043925507164648
6810196999804179066
1702549249951044767
5037323330915149094
1259330832728787272
9538204745036972626
16219609241541406869
17889960365667515429
18307548146699042569
18411945091956924355
13826358309844006897
3456589577461001724
864147394365250431
216036848591312607
54009212147828151
13848560358319120749
8073826108007168091
2018456527001792022
5116300150177835908
15114133092826622688
8390219291634043577
15932612878190674607
13206525256402444458
17136689369382774827
18119230397627857419
18364865654689128066
18426274468954445728
18441626672520775144
18445464723412357498
9223052199280477278
6917449068247507223
10952734303916652613
2738183575979163152
5296231912422178692
1324057978105544673
9554386531381161977
16223654688127454207
4055913672031863550
5625664436435353790
1406416109108838446
351604027277209611
4699587025246690307
1174896756311672577
293724189077918145
73431047269479537
18357761817369885
9227961477309118279
11530362406182055376
7494276619972901748
6485255173420613340
6232999811782541238
6169935971373023212
1542483992843255803
14220679053492977663
17390227818655408126
13570928991518627838
3392732247879656958
848183061969914239
9435417802347254367
11582226487441589398
16730614677142561060
8794339687713028168
2198584921928257043
14384704285764227973
12819548108295832800
12428259063928734008
3107064765982183503
5388452209922933778
10570485089335509252
2642621272333877313
660655318083469329
14000221884803031045
17335113526482921472
18168836436902894081
9153895127653111425
6900159800340665761
6336725968512554345
15419239547410302298
17689867942134739286
18257525040815848532
9176067278631350036
16129074874940001220
17867326774017164017
4466831693504291005
1116707923376072750
279176980844018186
69794245211004546
17448561302751136
4362140325687784
1090535081421946
272633770355486
68158442588871
9223389076465423025
11529219305971131565
7493990844920170795
6485183729657430602
6232981950841745554
15393303542992600101
8460011904175537928
2115002976043884483
528750744010971121
9355559722857518588
16173947985996543359
17878545051781299551
18304694318227488599
9187859597984260053
6908650917923452916
10950534766335639036
11961005728438685566
16825309487391835102
8818013390275346679
11427875384423612477
7468654864533291022
6478849734560710659
15454770488922341377
17698750677512749056
9036373687805575168
6870779440378781696
1717694860094695424
429423715023673856
107355928755918464
26838982188979616
4618395763974632808
14989656996275821914
17582472304351119190
18230676131369943509
18392727088124649589
18433239827313326108
18443368012110495239
18445900058309787521
9223161033004834785
6917476276678596601
1729369069169649151
432342267292412286
4719771585250490974
5791628914740010646
6059593247112390565
15349956367060261353
8449175110192453243
2112293777548113311
9751445481241804135
11661233407165226841
16750366407073470423
18022649657050531316
18340720469544796540
9196866135813587038
