432345557785116673
108086389446279169
27021597361569793
6755399340392449
1688849835098113
422212458774529
105553114693633
26388278673409
6597069668353
1649267417089
412316854273
103079213569
25769803393
6442450849
1610612713
402653179
100663295
25165822
6291454
1572862
393214
98302
24574
6142
1534
382
94
22
4
9223372036854775808
11529215046068469761
16717361816799281153
18014398509481984001
18338657682652659713
18419722475945328641
18439988674268495873
18445055223849287681
18446321861244485633
18446638520593285121
18446717685430484993
18446737476639784961
18446742424442109953
18446743661392691201
18446743970630336513
18446744047939747841
18446744067267100673
18446744072098938880
18446744073306898432
18446744073608888320
18446744073684385792
18446744073703260160
18446744073707978752
18446744073709158400
18446744073709453312
18446744073709527040
18446744073709545472
18446744073709550080
18446744073709551232
9223372036854775712
6917529027641081833
1729382256910270459
432345564227567615
108086391056891903
27021597764222975
6755399441055743
1688849860263935
422212465065983
105553116266495
26388279066623
6597069766655
1649267441663
412316860415
103079215103
4611686044197191679
14987979566331461631
17582052946865029119
18230571291998420991
18392700878281768959
18433233274852605951
18443366373995315199
18445899648780992511
18446532967477411839
18446691297151516671
18446730879570042879
18446740775174674431
18446743249075832319
18446743867551121791
18446744022169944159
18446744060824649751
18446744070488326149
18446744072904245249
18446744073508225025
18446744073659219969
18446744073696968705
18446744073706405889
18446744073708765185
18446744073709355009
18446744073709502465
18446744073709539329
18446744073709548545
18446744073709550849
18446744073709551425
18446744073709551569
18446744073709551605
18446744073709551612
18446744073709551614
18446744073709551614
18446744073709551614
18446744073709551614
18446744073709551614
18446744073709551614
18446744073709551614
18446744073709551614
18446744073709551614
18446744073709551614
18446744073709551614
18446744073709551614
18446744073709551614
18446744073709551614
18446744073709551614
18446744073709551614
18446744073709551614
18446744073709551614
18446744073709551614
18446744073709551614
18446744073709551614
18446744073709551614
18446744073709551614
18446744073709551614
18446744073709551614
18446744073709551614
18446744073709551614
18446744073709551614
18446744073709551614
13835058055282163710
12682136550675316734
12393906174523604990
16933534598913064958
18068441705010429950
18352168481534771198
18423100175665856510
18440833099198627838
18445266330081820670
18446374637802618878
18446651714732818430
18446720983965368318
18446738301273505790
18446742630600540158
18446743712932298750
18446743983515238399
18446744051160973311
9223372031217631231
6917529026231795710
1729382256557948926
432345564139487230
108086391034871806
27021597758717950
6755399439679486
1688849859919870
422212464979966
105553116244990
26388279061246
6597069765310
1649267441326
9223372449171636138
11529215149147684843
12105675824141697019
3026418956035424255
756604739008856062
189151184752214014
47287796188053502
11821949047013374
2955487261753342
738871815438334
184717953859582
46179488464894
11544872116222
2886218029054
721554507262
180388626814
45097156702
11274289174
2818572292
704643072
176160768
44040192
11010048
2752512
688128
172032
43008
10752
2688
672
168
4611686018427387946
14987979559889010698
17582052945254416387
18230571291595767809
18392700878181105665
18433233274827440129
18443366373989023745
18445899648779419649
18446532967477018625
18446691297151418369
18446730879570018305
18446740775174668289
18446743249075830785
18446743867551121409
18446744022169944065
18446744060824649729
18446744070488326145
18446744072904245249
18446744073508225024
18446744073659219968
18446744073696968704
18446744073706405888
18446744073708765184
18446744073709355008
18446744073709502464
18446744073709539328
18446744073709548544
18446744073709550848
18446744073709551424
18446744073709551568
18446744073709551604
18446744073709551612
18446744073709551614
18446744073709551614
18446744073709551614
18446744073709551614
18446744073709551614
18446744073709551614
18446744073709551614
18446744073709551614
18446744073709551614
18446744073709551614
18446744073709551614
18446744073709551614
18446744073709551614
18446744073709551614
18446744073709551614
18446744073709551614
18446744073709551614
18446744073709551614
18446744073709551614
18446744073709551614
18446744073709551614
18446744073709551614
18446744073709551614
18446744073709551614
18446744073709551614
18446744073709551614
18446744073709551614
9223372036854775806
6917529027641081854
1729382256910270462
9655717601082343422
11637301437125361662
16744383414563504126
18021153908923039742
18340346532512923646
18420144688410394622
18440094227384762366
18445081612128354302
18446328458314252286
18446640169860726782
18446718097747345406
18446737579719000062
18446742450211913726
18446743667835142142
18446743972240949247
18446744048342401023
18446744067367763967
18446744072124104703
18446744073313189887
18446744073610461183
18446744073684779007
18446744073703358463
18446744073708003327
18446744073709164543
18446744073709454847
18446744073709527423
18446744073709545567
18446744073709550103
18446744073709551237
18446744073709551521
18446744073709551592
13835058055282163706
3458764513820540926
864691128455135231
216172782113783807
54043195528445951
13510798882111487
3377699720527871
844424930131967
211106232532991
52776558133247
13194139533311
3298534883327
824633720831
206158430207
9223372088394383359
11529215058953371647
16717361820020506623
18014398510287290367
18338657682853986303
18419722475995660287
18439988674281078783
18445055223852433407
18446321861245272063
18446638520593481727
18446717685430534143
18446737476639797247
18446742424442113023
18446743661392691967
18446743970630336702
18446744047939747886
9223372030412324874
6917529026030469122
1729382256507617280
432345564126904320
108086391031726080
27021597757931520
6755399439482880
1688849859870720
422212464967680
105553116241920
26388279060480
6597069765120
1649267441280
9223372449171636128
11529215149147684841
16717361842569084923
18014398515924434943
18338657684263272447
18419722476347981823
18439988674369159167
18445055223874453503
18446321861250777087
18446638520594857983
18446717685430878207
18446737476639883263
18446742424442134527
18446743661392697343
18446743970630338047
18446744047939748223
18446744067267100767
18446744072098938903
18446744073306898437
18446744073608888321
18446744073684385792
18446744073703260160
18446744073707978752
18446744073709158400
18446744073709453312
18446744073709527040
18446744073709545472
18446744073709550080
18446744073709551232
18446744073709551520
18446744073709551592
18446744073709551610
18446744073709551614
18446744073709551614
18446744073709551614
18446744073709551614
18446744073709551614
18446744073709551614
18446744073709551614
18446744073709551614
18446744073709551614
18446744073709551614
18446744073709551614
18446744073709551614
18446744073709551614
9223372036854775806
6917529027641081854
1729382256910270462
432345564227567614
108086391056891903
27021597764222975
6755399441055743
1688849860263935
422212465065983
105553116266495
26388279066623
6597069766655
1649267441663
412316860415
103079215103
25769803775
6442450943
1610612735
402653183
100663295
25165823
6291455
1572863
393215
98303
24575
6143
1535
383
95
23
5
1
0
0
0
0
0
0
0
0
0
0
0
0
9223372036854775808
11529215046068469760
16717361816799281152
8791026472627208192
6809442636584189952
1702360659146047488
425590164786511872
106397541196627968
26599385299156992
6649846324789248
1662461581197312
415615395299328
103903848824832
25975962206208
6493990551552
1623497637888
9223372442729185280
11529215147537072129
12105675823739043841
3026418955934760961
756604738983690241
189151184745922561
47287796186480641
11821949046620161
2955487261655041
738871815413761
184717953853441
46179488463361
11544872115841
2886218028961
721554507241
180388626811
45097156703
11274289175
2818572293
704643073
176160769
44040193
11010049
2752513
688129
172033
43009
10753
2689
673
169
4611686018427387947
14987979559889010699
17582052945254416387
18230571291595767809
18392700878181105665
18433233274827440129
18443366373989023745
18445899648779419649
18446532967477018625
18446691297151418369
18446730879570018305
18446740775174668289
18446743249075830785
18446743867551121409
18446744022169944065
18446744060824649728
18446744070488326144
9223372036049469440
6917529027439755264
1729382256859938816
432345564214984704
108086391053746176
27021597763436544
6755399440859136
1688849860214784
422212465053696
105553116263424
26388279065856
6597069766464
1649267441616
412316860404
103079215100
25769803774
6442450942
1610612734
402653182
100663294
25165822
6291454
1572862
393214
98302
24574
6142
1534
382
94
22
4
0
0
0
0
0
0
0
0
0
0
0
0
0
0
0
0
0
0
0
0
0
0
0
0
0
0
9223372036854775808
11529215046068469760
16717361816799281152
18014398509481984000
18338657682652659713
18419722475945328641
18439988674268495873
18445055223849287681
18446321861244485633
18446638520593285121
18446717685430484993
18446737476639784961
18446742424442109953
18446743661392691201
18446743970630336513
13835058029512359937
3458764507378089985
864691126844522497
4827858800138518529
15042022755316793345
17595563744111362049
18233948991310004225
18393545303109664769
18433444381059579905
18443419150547058689
18445912842918928385
18446536266011895809
18446692121785137665
18446731085728448129
18446740826714275745
18446743261960732649
18446743870772346875
18446744022975250431
18446744061025976319
18446744070538657791
18446744072916828159
18446744073511370751
18446744073660006399
18446744073697165311
18446744073706455039
18446744073708777471
18446744073709358079
18446744073709503231
18446744073709539519
18446744073709548591
9223372036854775051
6917529027641081666
1729382256910270416
432345564227567604
108086391056891901
27021597764222975
6755399441055743
1688849860263935
422212465065983
105553116266495
26388279066623
6597069766655
1649267441663
412316860415
103079215103
25769803775
9223372043297226751
11529215047679082494
16717361817201934334
18014398509582647294
18338657682677825534
18419722475951620094
18439988674270068734
18445055223849680894
18446321861244583934
18446638520593309694
18446717685430491134
18446737476639786494
18446742424442110334
18446743661392691294
18446743970630336534
18446744047939747844
18446744067267100672
18446744072098938881
13835058054879510529
3458764513719877633
864691128429969409
216172782107492353
54043195526873089
13510798881718273
3377699720429569
844424930107393
211106232526849
52776558131713
13194139532929
3298534883233
824633720809
206158430203
51539607551
12884901886
3221225470
805306366
201326590
50331646
12582910
3145726
786430
196606
49150
12286
3070
766
191
47
9223372036854775819
11529215046068469762
16717361816799281152
18014398509481984000
18338657682652659712
18419722475945328640
18439988674268495872
18445055223849287680
18446321861244485632
18446638520593285120
18446717685430484992
18446737476639784960
18446742424442109952
18446743661392691200
18446743970630336512
18446744047939747840
18446744067267100672
18446744072098938880
18446744073306898432
18446744073608888320
18446744073684385792
18446744073703260160
18446744073707978752
18446744073709158400
18446744073709453312
18446744073709527040
18446744073709545472
18446744073709550080
13835058055282163328
3458764513820540832
864691128455135208
216172782113783802
54043195528445950
13510798882111487
3377699720527871
844424930131967
211106232532991
52776558133247
13194139533311
3298534883327
824633720831
206158430207
51539607551
12884901887
3221225471
805306367
201326591
50331647
12582911
3145727
786431
196607
49151
12287
3071
767
191
47
9223372036854775819
11529215046068469762
16717361816799281152
18014398509481984000
18338657682652659713
18419722475945328641
18439988674268495873
18445055223849287681
18446321861244485633
18446638520593285121
18446717685430484993
18446737476639784961
18446742424442109953
18446743661392691201
18446743970630336513
18446744047939747841
18446744067267100673
18446744072098938881
18446744073306898433
18446744073608888321
18446744073684385793
18446744073703260161
18446744073707978753
18446744073709158401
18446744073709453313
18446744073709527041
18446744073709545473
18446744073709550081
18446744073709551233
18446744073709551521
18446744073709551593
13835058055282163707
12682136550675316735
12393906174523604990
16933534598913064958
18068441705010429950
18352168481534771198
18423100175665856510
18440833099198627838
18445266330081820670
18446374637802618878
18446651714732818430
18446720983965368318
18446738301273505790
18446742630600540158
9223371676077522942
6917528937446768639
1729382234361692159
432345558590423039
108086389647605758
27021597411901438
6755399352975358
1688849838243838
422212459560958
105553114890238
26388278722558
6597069680638
1649267420158
412316855038
103079213758
25769803438
6442450858
1610612714
402653178
100663294
25165823
6291455
1572863
393215
98303
24575
6143
1535
383
95
23
5
1
1
1
1
1
1
1
1
1
1
1
1
1
1
1
1
1
0
0
0
0
0
0
0
0
0
0
0
0
0
1
1
9223372036854775809
11529215046068469760
16717361816799281152
18014398509481984000
18338657682652659712
18419722475945328640
18439988674268495872
18445055223849287680
18446321861244485632
18446638520593285120
18446717685430484992
18446737476639784960
18446742424442109952
18446743661392691200
18446743970630336512
18446744047939747840
18446744067267100672
18446744072098938880
18446744073306898432
18446744073608888320
18446744073684385792
18446744073703260160
18446744073707978752
18446744073709158400
18446744073709453312
18446744073709527040
18446744073709545472
18446744073709550080
18446744073709551232
18446744073709551520
18446744073709551592
18446744073709551610
18446744073709551614
18446744073709551614
18446744073709551614
18446744073709551614
18446744073709551614
18446744073709551614
18446744073709551614
18446744073709551614
18446744073709551614
18446744073709551614
9223372036854775806
6917529027641081854
1729382256910270462
9655717601082343422
11637301437125361662
16744383414563504126
18021153908923039742
18340346532512923646
18420144688410394622
18440094227384762366
18445081612128354302
18446328458314252286
18446640169860726782
18446718097747345406
18446737579719000062
18446742450211913726
9223371630980366334
6917528926172479487
1729382231543119871
432345557885779967
108086389471444990
27021597367861246
6755399341965310
1688849835491326
422212458872830
105553114718206
26388278679550
6597069669886
1649267417470
412316854366
103079213590
4611686044197191300
14987979566331461536
17582052946865029097
18230571291998420987
18392700878281768959
18433233274852605950
18443366373995315198
18445899648780992510
18446532967477411838
18446691297151516670
18446730879570042878
18446740775174674430
18446743249075832318
18446743867551121790
18446744022169944158
18446744060824649750
18446744070488326148
9223372036049469440
6917529027439755264
1729382256859938816
432345564214984704
108086391053746176
27021597763436544
6755399440859136
1688849860214784
422212465053696
105553116263424
26388279065856
6597069766464
1649267441616
9223372449171636212
11529215149147684860
16717361842569084926
8791026479069659134
6809442638194802687
1702360659548700671
425590164887175167
106397541221793791
26599385305448447
6649846326362111
1662461581590527
415615395397631
103903848849407
25975962212351
6493990553087
1623497638271
405874409567
101468602391
25367150597
6341787649
1585446913
396361729
99090433
24772609
6193153
1548289
387073
96769
24193
6049
1513
379
95
22
4611686018427387908
14987979559889010688
17582052945254416385
18230571291595767809
18392700878181105665
18433233274827440129
18443366373989023745
18445899648779419649
18446532967477018625
18446691297151418369
18446730879570018305
18446740775174668289
18446743249075830785
18446743867551121409
18446744022169944065
18446744060824649728
18446744070488326144
18446744072904245248
18446744073508225024
18446744073659219968
18446744073696968704
18446744073706405888
18446744073708765184
18446744073709355008
18446744073709502464
18446744073709539328
18446744073709548544
9223372036854775040
6917529027641081665
1729382256910270417
9655717601082343413
11637301437125361661
16744383414563504127
18021153908923039743
18340346532512923647
18420144688410394623
18440094227384762367
18445081612128354303
18446328458314252287
18446640169860726783
18446718097747345407
18446737579719000063
18446742450211913727
18446743667835142143
18446743972240949247
18446744048342401023
18446744067367763967
18446744072124104703
18446744073313189887
18446744073610461183
18446744073684779007
18446744073703358463
18446744073708003327
18446744073709164543
18446744073709454847
18446744073709527423
18446744073709545567
18446744073709550103
13835058055282163333
3458764513820540833
864691128455135208
216172782113783802
54043195528445950
13510798882111487
3377699720527871
844424930131967
211106232532991
52776558133247
