4514878525027222160
5740405649684193445
15270159467703212072
8429225885353190922
2107306471338297731
526826617834574433
13966764709740807320
8103377195862589734
11249216335820423240
16647362139237269522
17996898590091481093
13722596684377646080
8042335189521799425
11233955834235225665
2808488958558806416
9925494276494477412
7093059587551007257
6384950915315139719
15431295784110948641
8469509964455125065
2117377491113781266
9752716409633221125
2438179102408305280
5221230794029464224
10528679735362141864
7243855952267923370
11034336024921756650
2758584006230439163
5301332019984997695
15160391060278413135
13013469801924379091
17088425505763258484
8883792394868202525
11444320135571826439
16696138089175120320
13397406559148555888
12572723676641914781
7754866937587866599
11162088771251742457
2790522192812935614
5309316566630621807
5939015160085043355
10708125826876036647
2677031456719009160
5280943882607140194
5931921989079172953
15318038552551956951
3829509638137989237
14792435464816661020
3698108866204165255
924527216551041312
4842817822565148233
5822390474068674963
15290655673799332452
13046035955304608921
7873195007253540135
11191670788668160841
7409603715594428114
6464086947325994933
6227707755258886636
1556926938814721659
5000917753131068318
15085287493564930791
12994693910246008505
12472045514416277934
3118011378604069483
5391188863078405275
15182855271051765031
17630771873045104969
18242751023543439954
4560687755885859989
10363543975826240804
2590885993956560201
5259407516916527955
10538223916083907796
16469614034303140660
8729089527003173069
16017330437032956979
4004332609258239245
5612769170741947715
1403192292685486928
9574170110026147541
7005228545933924789
10974679173338257005
16578727848616727963
17979740017436345702
9106621022786474328
6888341274124006487
15557143373813165333
17724343898735455044
4431085974683863760
5719457512098353844
6041550396451976364
6122073617540381994
15365576459667259210
13064766151771590610
3266191537942897652
816547884485724412
9427509007976206910
16191935307276215439
17883041882101217570
4470760470525304392
14952748172913489811
8349873061655760357
2087468265413940088
14356925121635648734
12812603317263687991
17038208884598085708
4259552221149521427
14899946110569544068
12948358564497161824
7848775659551678361
1962193914887919590
9713920515576755705
2428480128894188926
9830492069078323038
11680995054124356567
12143620800385864948
12259277236951242045
7676505327665198415
6530812350343687507
1632703087585921876
14243233827178644181
3560808456794661045
14725260169480828973
8293001060797595147
11296622302054174595
16659213630795707361
8776489426126314745
2194122356531578687
548530589132894671
4748818665710611571
15022262721709816604
12978937717282229958
7856420447747945393
6575791130364374252
6255633801018481466
1563908450254620367
5002663130991042994
15085723838029924461
8383116977934869018
15930837299765880967
8594395343368858145
2148598835842214537
5148835727387941539
1287208931846985384
321802232961746347
9303822595095212394
11549327685628578906
7499017939834532631
11098126521813408964
16609589685735515952
8764083439861266893
11414392896820092531
7465284242632411036
15701379115940266470
13148716815839842424
12510551240814736415
3127637810203684102
5393595470978308928
10571770904599353040
7254628744577226165
6425343204571694445
10829707837997699418
16542485014781588567
4135621253695397140
5645591331851237189
1411397832962809297
352849458240702325
88212364560175581
22053091140043895
13840571328067174684
12683514868871569478
3170878717217892369
5404405697731860996
10574473461287741057
16478676420604098976
8731355123578412649
11406210817749378970
2851552704437344743
9936260212964111992
7095751071668415902
6385623786344491879
15431464001868286680
3857866000467071671
5576152518544155820
15229096184918202666
8418960064656938570
2104740016164234643
5137871022468446564
1284467755617111641
9544488975759053718
16221180299221927141
8666981093232869689
11390117310162993231
12070901364395524114
3017725341098881029
9977803372129496064
11717822879887149824
7541141738399175361
1885285434599793841
5083007377077336364
15105809899551497803
17611510530170038163
4402877632542509541
14935777463417791096
8345630384281835678
11309779632925234726
12050816945086084488
16847762291553684835
4211940572888421208
5664671161649493206
15251225845694537012
8424492479851022156
6717809138390143442
10902824321452311668
16560764135645241628
8751877052338698311
6799655281512062480
1699913820378015621
9648350491949279713
2412087622987319929
14438079961028993695
3609519990257248422
902379997564312105
225594999391078027
4668084768275157410
1167021192068789353
4903441316444585242
1225860329111146311
4918151100705174480
10452909812031069428
11836599489862543164
12182521909320411598
12269002514184878706
3067250628546219677
5378498675563942823
1344624668890985704
14171214222504910138
8154489574053615439
6650308411940791762
15497635158267361652
13097780826421616221
12497817243460179862
16959512366147208676
18074936146818965880
18353792091986905183
9200134041424114199
11523405547210804356
16715909442084864800
4178977360521216201
14879802395412467763
3719950598853116940
929987649713279235
14067554967710483521
12740260778782396689
12408437231550374980
16937167363169757457
4234291840792439364
5670258978625497745
15252622799938538148
17648213755266798249
13635425475671475370
12632228405772644650
16993115156725324874
8859964807608719122
16050049257184343493
4012512314296085873
14838186133856185180
12932918570318822102
12456601679434481332
3114150419858620333
778537604964655083
9418006438095939579
6966187627951372798
1741546906987843198
9658758763601736607
16249747746182597863
8674122954973037368
2168530738743259342
5153818703113202738
1288454675778300684
14157171724226738883
3539292931056684721
10108195269618946988
11750420854259512554
7549291231992266043
6499008826425454415
10848124243461139411
16547089116147448565
17971830334319025852
18328015638861920174
9193689928142867946
16133480537317880699
8645056152756858079
6772950056616602422
1693237514154150604
423309378538537650
105827344634634413
9249828873013434411
16147515273535522314
13260250855238656387
12538434750664439904
3134608687666109976
10007024208771303303
16336814107474989537
4084203526868747385
5632736900144574750
15243242280318307398
17645868625361740560
18246525211622598853
9173317321333037616
16128387385615423116
17867154901686019490
18301846780703668584
9187147713603305050
6908472946828214167
15562176291989217253
17725602128279468025
13654772568924642815
3413693142231160702
14688481340839953887
3672120335209988471
10141402120657272925
11758722567019094038
7551366660182161413
15722899720327704065
13154096966936701824
12511896278588951265
7739660088074625721
15769973077300820142
8554179287752592938
11361916858792924042
2840479214698231011
14545177858956721465
17471352520021344079
4367838130005336018
14927017587783497717
12955126433800650237
17073839663732326271
18103517971215245278
9137565511231199223
16119449433089963516
8641548376699878783
15995445149457133406
13222233324219059159
7917244349482152692
1979311087370538173
14329885827124798255
17417529512063363274
13577754414870616626
12617810640572429965
3154452660143107491
14623671220317940584
17490975860361648858
13596116001945188023
17234087055768460717
8920207782369503082
6841737964019763674
15545492546287104631
13109745173426551964
3277436293356637990
819359073339159497
204839768334789875
51209942083697468
12802485520924367
3200621380231090
4612486173772445677
1153121543443111419
4899966404288165759
5836677619499429342
15294227460157021046
3823556865039255261
955889216259813815
9462344340919729261
16200644140512096027
8661847053555411911
2165461763388852977
9764737477701989052
2441184369425497263
14445354147638538027
3611338536909634506
902834634227408626
14060766713839015868
8126877696887141870
11255091461076561275
2813772865269140319
5315129234744672982
15163840363968331956
3790960090992082988
10171112059602796555
11766150051755474947
16776595568221032449
4194148892055258112
10271909259868590337
16403035370249311296
13324130879417103633
17166090775136439620
18126580749066273617
18366703242548732116
13815047847491958837
12677133998727765517
17004341554964105090
13474457425595802081
7980300374826338424
6606761112133972510
10875062314888268934
7330451597149455137
6444298917714751688
15446132784710851635
8473219214605100812
11341676840506051011
7447105228553900656
11085148343993250973
11994659122853088550
12222036817568047945
16890567259674175698
8834327833345931829
16043640013618646668
8622596021832049571
6767335023885400297
10915205792826125883
7340487466633919375
1835121866658479843
14293838521946783673
12796831667341471726
3199207916835367930
5411487997636229886
1352871999409057470
9561590036707040175
7002083527604147947
1750520881901036986
5049316238902647150
15097387115007825498
12997718815606732183
7861115722329070949
15800336985864431449
8561770264893495766
11363814603078149748
12064325687624313244
12239453458760854118
16894921419972377241
13447102391847870118
7973461616389355432
6605051422524726763
10874634892485957498
2718658723121489374
14514722736062536055
3628680684015634013
14742228226286072214
3685557056571518052
14756447319425043225
8300797848283648710
6686885480498300080
10895093406979350829
7335459370172225610
15668922897825220115
3917230724456305028
5590993699541464161
1397748424885366040
9572809143076117319
2393202285769029328
14433358626724421044
3608339656681105261
14737142969452440027
12907657779217885815
12450286481659247260
3112571620414811815
14613200960385866664
3653300240096466666
913325060024116666
9451703301860804975
16197983880747364954
4049495970186841239
14847432047828874021
12935230048811994313
12457179549057774386
7725980905691831501
6543181244850345779
1635795311212586444
408948827803146611
13937295262232950364
3484323815558237591
5482766972316947300
1370691743079236824
4954358954197197111
1238589738549299276
4921333453064712723
5842019381693566085
10683876882278167328
7282655238996929737
11044035846604008242
16596067016933165773
17984074809515455154
13719390739233639596
8041533703235797802
11233755462663725259
16643496920948095026
4160874230237023756
14875276612841419651
3718819153210354913
10153076825157364537
2538269206289341135
634567301572335283
4770327843820471725
1192581960955117930
298145490238779483
9297908409414470678
16159535157635781380
4039883789408945345
5621656965779624241
10628786278299681868
7268882588002308370
1817220647000577092
9677677198604920080
7031105318078617925
1757776329519654481
439444082379913620
9333233057449754212
16168366319644602264
4042091579911150566
5622208913405175545
10628924265206069695
16492289121583681134
4123072280395920283
14865826125381143782
12939828568200061752
12458329178904791246
3114582294726197811
10002017610536325261
2500504402634081314
9848498137513296136
2462124534378324035
9838903170449356816
7071411811039727109
6379538971187319680
1594884742796829921
398721185699207480
9323052333279577678
11554135120174670226
2888533780043667557
722133445010916888
180533361252729223
13880191395595346016
12693419885753612313
17008413026720566790
8863789275107529600
2215947318776882401
14389044884976384312
17432319276526259790
4358079819131564947
5701205973210279140
6036987511729957688
6120932896359877327
15365291279372133043
13064694856697809068
3266173714174452267
816543428543613067
14039193912418066979
12733170514959292553
17018350684021986850
18089645726287660425
9134097449999303010
2283524362499825753
570881090624956438
9366092309511014916
11564895114232529537
7502909796985520289
6487413467673767977
6233539385345829898
15393442901618621187
17683418780686819008
4420854695171704752
14940271729075089900
3735067932268772474
5545453001494581022
15221421305655808966
13028727363268728049
12480553877671957821
7731824487845377359
6544642140388732242
6247846553524570964
10785333675235918548
7308019437236367541
6438690877736479788
6221358737861507851
1555339684465376963
5000520939543732145
15085188290168096749
12994669109396799994
12472039314203975807
16953067883833157662
8849952989385677319
16047546302628583041
13235258612511921568
17143872708410144104
4285968177102536027
10294864081130409815
11797088057137378261
7560958032711732469
15725297563460096829
13154696427719800014
7900360125357337906
1975090031339334477
493772507834833619
13958501182240872116
17324683350842381741
13554542874565371243
3388635718641342811
14682216984942499414
17505612301517788565
18211461130661610852
9164551301092790617
16126195880555361366
4031548970138840340
10231259279389485892
2557814819847371473
14474511760244006580
3618627940061001644
14739715040297414123
17519986815356517242
8991682722266517215
2247920680566629303
9785352206996433132
11669710088603884091
2917427522150971023
729356880537742755
14017397275416599401
17339407374136313562
8946537861961466294
6848320483917754476
10935452157834214426
7345549057885941511
1836387264471485377
14294154871400035057
17408596773132172476
8963835211710431023
11464330839782383563
7477768728372983795
11092814218948021756
11996575591591781246
12222515934752721118
7667315002115568182
6528514768956279949
10855500729093845794
16548933237555625161
17972291364671070002
13716444878022543309
12652483256360411635
16998178869372266621
8861230735770454559
11438679720797389447
12083041967054123168
7632446510190918696
1908111627547729675
477027906886932419
119256976721733104
9253186281035209085
16148354625540965983
4037088656385241494
1009272164096310373
252318041024077593
13898137565538183110
17309592446666709488
13550770148521453180
3387692537130363295
14681981189564754534
3670495297391188632
10140995861202572967
2535248965300643240
9857184278179936619
7075982087972372059
10992367558847868822
11971463926566743012
2992865981641685753
9971588532265197246
2492897133066299310
5234910301693962730
5920413593850878586
10703475435317495454
2675868858829373863
9892339251562119273
2473084812890529819
9841643240077408263
7072096828446739969
10991396243966460800
7359535079419003104
15674941825136914488
8530421474711616527
15967663423960067842
8603601874417404864
11374272505459127025
12066940163219557564
12240107077659665199
16895084824697080011
18058829261456433715
18349765370646272141
4587441342661568035
5758546354092779912
6051322606950582883
6124516670165033624
10754501204396034215
11911997337953784361
7589685352915833995
6509107356656346402
6238962857591474504
15394798769680032338
17683757747702171797
13644311473780318757
3411077868445079688
852769467111269922
213192366777817481
4664984110121842274
10389618064385236376
2597404516096309095
649351129024077273
13997395837538183030
8111034977811933660
2027758744452983415
9730311722968021661
11655949967596781222
7525673510326583208
6493104396009033706
10846648135857034235
2711662033964258559
677915508491064638
9392850913977541966
6959898746921773395
10963346723585219157
2740836680896304789
9908581207078852004
2477145301769713001
9842658362297204058
7072350609001688919
6379773670677810132
15430001472951616244
17692558423520067773
13646511642734792750
3411627910683698187
10076279014525700354
2519069753631425088
629767438407856272
157441859601964068
9262732501755266825
6927369143866204611
15566900341248714865
13115097122166954525
17113832335823902343
8890144102383363489
16057594080878004584
17849456575501664859
4462364143875416214
14950649091251017764
8349348291240142344
15922395128092199299
3980598782023049825
995149695505762456
9472159460731216423
2368039865182804105
14427068021577864739
12830139042249241993
3207534760562310498
14636941745422741336
3659235436355685335
14749866914371085044
3687466728592771260
921866682148192814
4842152688964436106
15045596227523272738
3761399056880818184
5552035782647592451
10611380982516673921
11876217282483944288
16804112375903149785
13424400130830563255
17191158087989804524
13521161558852226939
7991976408140444639
11221366138889886967
2805341534722471740
701335383680617935
9398705882774930291
11573048507548508380
2893262126887127094
5335001550149169677
5945436405964680323
6098045119918557985
15359569335261803208
17674950389097614515
4418737597274403629
1104684399318600907
276171099829650227
69042774957412557
13852318749021516850
17298137742537542925
4324534435634385731
10304505645763372240
2576126411440843060
5255717621287598669
5925615423749287570
15316461911219485605
13052487514659647208
7874807897092299706
1968701974273074927
9715547530423044538
2428886882605761135
9830593757506216091
2457648439376554022
9837784146698914313
7071132055102116482
6379469032202917025
6206553276478117160
10775010355974305099
7305438607420964178
11049731688710016853
7374118940604892116
15678587790433386740
8531332966035734588
6744519259936321550
10909501851838856195
7339061481387101952
1834765370346775489
14293749397868857585
8185123367894602300
2046280841973650574
14346628265775576354
17421715121726057800
8967114798858902355
11465150736569501397
12089659720997151157
12245786967104063597
16896504797058179611
4224126199264544903
10279403586670912033
2569850896667728008
14477520779449095715
3619380194862273928
5516531067142956387
15214190822067902809
13026919742371751510
12480101972447713685
3120025493111928420
14615064428560145817
8265452125567424358
6678049049819243993
6281198280882198902
1570299570220549725
5004260910982525334
5862751246173019236
15300745866825418520
13048558503561130439
17097197681172446320
8885985438720499484
2221496359680124871
5167060108347419121
15126823082369018493
8393391789019642527
15933406002537074343
17818409555916432296
18289660444261271786
13795787147920093755
8060632805407411343
11238530238206628642
2809632559551657161
14537466195170078003
12857738585647295308
7826120664839211730
6568216184637190836
10865426083014073516
16551414576035682090
13361225680863696331
17175364475498087794
18128899174156685660
9143910811966559319
2285977702991639828
14406552481030073668
12825010157112294225
7817938557705461460
11177856676281141172
16629522224352449005
17992438611370275963
9109795671269956895
16112506973099652934
8639812761702301137
15995011245707738996
3998752811426934748
5611374221284121590
1402843555321030397
14185768944112421311
8158128254455493231
2039532063613873306
9733255052758244135
7044999781616948937
15596308000686400946
13122449037026376045
7892298277683981914
11196446606275771287
16634169706851106533
17993600481994940344
18333458175780898798
9195050562372612602
2298762640593153150
574690660148288287
4755358683464459974
15023897726148278705
17591032486819233389
13621130158559584155
3405282539639896038
10074692671764749817
16353731223223351166
17923490861088001502
4480872715272000374
5731904197245387996
6044662067738734902
1511165516934683724
9601163416088446738
7011976872449499588
10976366254967150704
2744091563741787676
9909394927790222727
16312406787229719393
13301473733662205657
12548740470270327223
16972243172849745517
8854746811639824282
2213686702909956071
14388479731009652728
17432177988034576895
8969730515436032127
16077490684141171743
13242744707890068742
3310686176972517185
14662729599525293008
12889054436736099060
7833949627611412669
1958487406902853167
489621851725713291
13957463518213592035
8101051897980785913
6636948992922584382
15494295303512809806
8485259844305590354
15956373016358561300
17824151309371804036
4456037827342951008
5725695475263125657
10654795905670557222
2663698976417639304
5277610762531797731
5931088709060337336
6094458195692472238
1523614548923118058
9604275674085555323
11624440955376164639
16741168294126204871
13408664110386327024
17187224082878745469
4296806020719686366
1074201505179921590
268550376294980396
13902195649355908811
3475548912338977203
5480573246512132205
10593515348482808859
2648378837120702214
14497152764562339264
12847660227995360624
12435287093853615965
16943879828745567703
18071028012468555637
9129443021544526812
11505732792240907511
7488119216487614780
11095401840976679502
16608908515526333587
13375599165736359205
3343899791434089801
835974947858522451
4820679755392018516
15040227994130168340
17595115053814705797
4398778763453676448
5711380709290807016
10651217214177477562
7274490321971757294
1818622580492939323
9678027681978010639
11642878957349278467
2910719739337319617
727679934834329905
14016978038990746188
17339302565029850259
8946511659684850468
2236627914921212617
5170842997157691059
15127768804571586477
17617000256425060330
9015936082533652987
2253984020633413247
14398554060440517022
17434696570392292966
13582046179452849049
8007197563290600167
11225171427677425849
7417978875346744367
11077866755691461898
7381152707350253378
1845288176837563345
9684694081064166644
7032859538693429564
10981586921528133199
2745396730382033298
686349182595508324
171587295648877080
4654582842339607174
14998703765867065505
17584733996748930088
18231241554469396235
18392868443899512770
18433275166257041904
18443376846846424189
9222530230138993950
16140690612816912198
4035172653204228048
