16964286519401491076
8852757648277760672
2213189412069440168
14388355408299523754
8208774870502268843
11275565754480343018
2818891438620085754
5316408878082409343
5940788237947990239
15320255114769161271
13053435815547066125
3263358953886766530
815839738471691633
9427331971472698716
11580205029722950487
16730109312712901333
18017585383460389045
18339454401147260972
4584863600286815242
1146215900071703810
4898239993445313857
15059618053643492176
17599962568693036756
13623362679028034996
17240898725039172460
18145282736541956826
18371378739417652918
9204530703281801133
6912818694247838187
1728204673561959547
432051168390489886
108012792097622470
27003198024405616
6750799506101405
1687699876525351
421924969131337
9223477518097058643
2305869379524264660
14411525400163229877
3602881350040807468
5512406355937589770
1378101588984397442
344525397246099361
86131349311524840
4633218855755269114
14993362769220980990
17583398747587408959
18230907742179015950
9169412953972141890
16127411293775199185
13255224860298575605
12537178251929419708
7745980581409742831
15771553200634599419
17777946355440813566
18279544644142367102
18404944216317755487
4601236054079438871
14985367068802023429
3746341767200505856
936585441800126465
234146360450031617
9281908626967283712
2320477156741820928
5191805307612843136
10521323363757986593
11853702877794272457
16798483774730731826
18034678998964846668
13732041786595987474
3433010446648996868
10081624648517025025
11743778198984032064
16771002605028171728
8804436669684430836
16036167222703271421
13232413842530593663
7919789479060036319
6591633388192396982
1647908347048099245
5023663105189412714
10479287813152128986
16454880008570195958
8725406020569936892
2181351505142484223
545337876285621055
136334469071405263
9257455654122627122
11537735950385432588
16719492042878521858
18014931066001794176
13727104803355224352
3431776200838806088
10081316087064477330
11743701058620895141
16770983319937387496
13416117866839122682
3354029466709780671
838507366677445166
209626841669361290
9275778747272116130
11542316723672804841
16720637236200364923
18015217364332254943
18338862396365227447
18419773654373470573
18440001468875531355
9221686385646270742
6917107614838955589
10952648940564514705
2738162235141128676
5296226577212670072
15159114699585331231
8401464693323720710
2100366173330930176
525091543332732545
9354644922687958945
11562033267526765545
2890508316881691387
722627079220422846
4792342788232493614
5809771715485511306
15287500984153541539
17656933301320549097
9025919343757525178
16091537891221545007
4022884472805386250
5617407136628734467
10627723821011959425
11880302992107765665
12193447784881717225
3048361946220429307
762090486555107327
4802208640066164735
10423924196871316991
2605981049217829247
9874867299159233118
11692088861644584087
16758080270693309733
8801206086100715337
2200301521525178834
14385133435663458420
3596283358915864604
5510756858156354055
10601061251393864320
16485323368130629793
8733016860460045353
16018312270397175051
4004578067599293762
5612830535327211345
1403207633831802837
350801908457950709
9311072513969263484
11551140165347091678
16722843096618936630
18015768829436897869
13727314244214000275
3431828561053500069
857957140263375016
214489285065843755
9276994358121236747
2319248589530309186
5191498165809965200
1297874541452491300
9547840672217898633
11610332204909250466
16737641106509476328
8796096295054756986
6810710092191077150
1702677523047769287
9649041417616718129
11635632391258955341
7520594116242126739
1880148529060531684
9693409169119908728
2423352292279977183
5217524091497382198
5916067041301733452
6090702778752821267
1522675694688205317
380668923672051329
95167230918012833
23791807729503209
9229319988787151611
2307329997196787902
14411890554581360687
3602972638645340171
5512429178088722947
10601479331376956544
2650369832844239136
5274278476638447688
1318569619159611922
9553014441644678788
2388253610411169697
9820435439457568233
7066794878291779963
1766698719572944991
441674679893236247
110418669973309061
9250976704348103073
16147802231369189481
8648636576269685275
15997217199349585031
17834362355119559968
18293648644062053704
9185098179442901331
16131332600142889044
13256205186890498069
12537423333577400325
3134355833394350080
783588958348587520
195897239587146880
4660660328324174624
5776851100508431561
1444212775127107890
4972739212209164876
15078242858334454930
12992932751438389541
17083291243141761097
18105880866067603987
18361528271799064709
18425440123231929889
18441418086090146184
18445412576804700259
4611353144201175065
10376210322905069575
16429110636008431105
17942335714284271489
18320641983853231585
9191846514390695800
11521333665452449758
16715391471645276151
13402219904766094844
17185613031473687422
18131461313150585567
18367923383569810103
18427038901174616237
13830131762148429867
3457532940537107467
864383235134276866
216095808783569216
9277395989050668112
2319348997262667029
5191523267743054660
5909566835363151568
6089077727268175796
1522269431817043948
9603939394809036795
2400984848702259198
9823618249030340607
11679276599112360959
16754877205060253950
18023777356547227198
9117630357564194702
16114465644673212387
17863674466450466808
9077604635040004606
16104459214042164863
17861172858792704927
13688665251552952039
3422166312888238009
5467227596649447407
15201864954444525563
17635524293893295102
18243939128755487486
13784356819043647679
3446089204760911919
861522301190227979
215380575297556995
53845143824389249
13461285956097313
3365321489024329
841330372256083
4611896351020451925
5764660106182500885
6052851044973013124
15348270816525416992
8448753722558742152
2112188430639685538
9751419144514697193
11661226822983450106
16750364761028026238
18022649245539170270
4505662311384792566
14961473633128361852
3740368408282090462
10158464138925298423
11762988071586100413
16775805073178688815
8805637286722060106
6813095340107902931
1703273835026975732
9649190495611519740
2412297623902879935
5214760424403107886
1303690106100776970
325922526525194243
81480631631298561
4632056176335212545
14993072099365966849
17583326080123655425
18230889575313077569
9169408412255657297
6904038121491302228
6337695548800213460
15419481942482217076
17689928540902717980
18257540190507843207
18399443102909124513
9211546794154669032
16137944753820830971
4034486188455207742
5620307565541189838
1405076891385297458
9574641259701100173
2393660314925275043
5210101097158706665
5914211292717064571
15313610878461429855
8440088738042745367
6721708202938074245
10903799087589294369
16561007827179487305
4140251956794871827
10258435026053493765
16399666811795537153
8711602721376272193
6789586698771455953
15532454729975027700
13106485719348532733
17111679485119296895
4277919871279824222
10292852004674731863
16408271056450846677
8713753782540099573
6790124464062412797
1697531116015603198
9647754815858676606
11635310740819444958
7520513703632249142
6491814444335450189
1622953611083862547
5017424421198353541
15089414160581752097
8384039558572825928
6707695908070594387
1676923977017648597
9642603031109187956
11634022794632072796
16743563753940181910
8797576956912433380
16034452294510272057
8620299092054955919
6766760791441126882
1691690197860281721
5034608567892458334
10482024178827890391
11843878081561748405
16796027575672600813
8810692912345538107
6814359246513772431
1703589811628443106
425897452907110777
106474363226777695
26618590806694422
6654647701673604
13836721717207582112
8070866447729283433
6629402630359708763
10880722694444702999
2720180673611175749
680045168402793937
170011292100698485
9265874859879950429
11539840751824763414
16720018243238354564
18015062616091752353
18338823709305101800
13808077964181051258
3452019491045262814
10086376909616091510
11744966264258798685
7547927584492087575
6498667914550409797
10848039015492378256
2712009753873094565
678002438468273640
14004558664899232123
17336197721506971743
18169107485658906647
18377334926696890372
9206019750101610496
6913190955952790529
1728297738988197633
9655446471601825217
11637233654755232113
7520994432116195932
15715306663311212695
3928826665827803172
14817264721739114505
12927688217289554434
17066980109604552321
18101803082683301793
18360508825952989161
18425185261770411003
18441354370724766463
18445396647963355327
18446407217273002543
9223287822745638539
16140880010968573347
13258592039596919144
17149706065181393498
8899112534722736278
6836464152108071973
1709116038027017992
9650651046361530306
7024348780017770481
10979459231859218429
16579922863246968319
17980038771093905791
4495009692773476447
10347124460048144918
16421839170294199941
17940517847855713697
9096815480391316329
6885889888525216987
6333158490558692151
15418347677921836748
17689644974762622898
13645783280545431533
8023131838563745787
15840841014923100158
17795268309012938750
9060503095680622590
6876811792347543550
1719202948086885886
9653172773876497278
2413293193469124318
5215009316794668982
1303752329198667244
325938082299666810
9304856557429692511
11549586176212198935
16722454599335213445
18015671705115967073
9115603944706379672
2278900986176594919
9793097283398924537
2448274320849731134
612068580212432783
9376389181907884003
11567469332331746808
12115239369937712510
12252181879339203934
12286417506689576790
16906662431954557908
4226665607988639477
10280038438851935676
16405067664995147631
17936324971530950619
9095767261310125559
6885627833754919293
1721406958438729823
430351739609682454
4719273953329808516
15014876543614615840
17588777191185817673
18232252353078618131
13781435125124430341
12668730818135883392
12390554741388746656
16932696740629350376
18068232240439501306
18352116115392039038
13811401065702785566
3452850266425696390
5474898585033812001
15203782701540616713
8412631693812542082
15938215978735299232
13207926031538600616
3301981507884650155
825495376971162539
4818059862670178539
5816200984094932539
15289108301305896847
8433963093753862114
2108490773438465529
527122693359616383
9355152710194679902
11562160214403445782
12113912090455637252
12251850059468685120
16898020570149334993
8836191160964721653
16044105845523344125
17846084516662999742
18296579184447913646
18409202851394142123
13825672749703311339
17291476242707991547
8934555079104385791
6845324788203484350
15546389252333034799
8498283331510646603
2124570832877661650
9754514745074191220
11662000723123323612
16750558236062994614
18022697614297912364
13729046440429253898
3432261610107313474
858065402526828369
214516350631707093
9277001124512702581
2319250281128175645
5191498588709431815
5909560665604745857
6089076184828574369
15357327101489307305
3839331775372326826
14794890999125245419
12922094786636087162
7842209715086409695
6572238447198990326
1643059611799747580
9634136939804712702
2408534234951178174
602133558737794543
13985591444966612346
17331455916523816799
18167922034413117911
18377038563885443189
18429317696253524509
13830701460918156934
3457675365229539232
5476104859734772713
15204084270215856891
17636079122836127935
18244077835991195694
18396077514279962634
18434077433852154370
18443577413745202304
18445952408718464289
18446546157461779784
18446694594647608658
13835045685516677972
3458761421379169493
864690355344792372
4827858607263585996
5818650670243284402
15289720722842984812
3822430180710746202
5567293563605074454
1391823390901268612
347955847725317152
86988961931329289
4633433258910220226
10381730351582330864
11818804624750358525
12178073193042365438
7656204316687979262
15749109134454158526
3937277283613539631
5596005339330772810
10622373371687469010
2655593342921867253
5275584354157854717
10542268125394239486
11858939068203335678
16799792822332997630
18035006260865413118
18343809620498516990
18421010460406792958
18440310670383861950
9221763686023353390
6917126939933226250
1729281734983306562
5044006452173214544
15096059668325467348
12997386953936142644
3249346738484035661
10035708721475784723
2508927180368946181
5238917813519624448
1309729453379906113
9550804400199752337
11611073136904713893
16737826339508342185
18019514640159249259
13728250696894588123
12655434711078422839
12387230714624381516
16931865733938259090
18068024488766728484
18352064177473845833
18423074099650625171
18440826580194820005
18445264700330868713
18446374230364880890
9223279576018608126
16140877949286815743
13258591524176479743
7926333899471507839
15816641530150040671
13177532419392285975
12517755141702847301
12352810822280487633
3088202705570121909
5383736694819918380
1345934173704979594
336483543426244899
9307492922711337032
11550245267532610067
16722619372165316229
13404026879896104865
3351006719974026217
10061123716848282363
16350338984494234302
4087584746123558575
1021896186530889643
255474046632722410
63868511658180602
9239339164769320959
11533206828047106047
2883301707011776510
9944197463607719934
7097735384329317886
10997805882937105278
16584509526016440030
13369499418358885815
17177432909871885165
13517730264322747099
3379432566080686775
10068230178374947500
11740429581448512682
7546793413789516074
6498384371874766922
6236282111396079634
15394128583131183620
17683590201064959617
18255955605548403616
18399046956669264616
18434819794449479867
18443763003894533679
18445998806255797131
9223185719991337186
6917482448425222200
10952742648961081359
2738185662240270338
5296232433987455489
1324058108496863873
331014527124215969
9306125668635829800
11549903454013733259
16722533918785597027
4180633479696399256
10268530406778875622
2567132601694718905
9865155187278455534
11689660833674389690
12145787245273373231
3036446811318343306
5370797721256973730
15177757485596407144
17629497426681265499
13630746393525092183
17242744653663436756
8922372181843247092
16065651100742975485
4016412775185743870
14839161249078599678
3709790312269649919
14762505633349576191
12913998445192169855
17063557666580206175
18100947471927215255
18360294923263967525
18425131786098155593
18441341001806702611
18445393305733839365
18446406381715623552
9223287613856293793
6917507921891461353
1729376980472865339
9655716281972992143
7025615088920635938
1756403772230158984
9662472979912315555
11638990281832854696
16744805625740377387
13409573443289870154
17187451416104631250
8908548872453545716
16062195273395550141
13238920855203663342
17144788269083079547
18121255122552933599
13753685817493009206
3438421454373252300
5471291382020700978
15202880900787338956
13024092262051610547
3256023065512902637
814005766378225658
203501441594556415
50875360398639103
12718840099659775
3179710024914943
794927506228735
198731876557182
49682969139295
4611698439169672727
14987982665074581893
17582053721550809184
18230571485669866008
18392700926699630214
9209861250102295457
16137523367807737576
17869438897234098106
9079045742735912430
16104819490966141819
17861262928023699166
9077001750433312694
6880936456035716077
6331920132436316923
6194666051536467135
6160352531311504687
15375146188110039883
8455472565454897874
11337240178218500277
12057682081409400877
16849478575634513931
18047427699190792195
18346914980079861761
9198414763447353344
6911289709289226240
6339508445749694464
15419935166719587328
17690041846962060544
13645882498595290944
8023156643076210640
6617475179196440564
6266054813226498045
1566513703306624511
391628425826656127
97907106456664031
4636162795041553911
14994098754042552188
12971896725365413854
3242974181341353462
810743545335338365
202685886333834590
9274043508438234454
16153568932391722324
13261764269952706388
12538813104342952404
16969761331367901812
8854126351269363356
16048589643099504551
17847205466057039849
4461801366514259962
1115450341628564991
278862585407141246
4681401664779173214
15005408471476957014
17586410173151402965
18231660598570014453
9169601168069891516
6904086310444860782
10949393614465991002
11960720440471273559
16825238165399982100
18041367596632159236
9122027917585427712
16115565034678520641
13252263295524405968
7924751842308489396
6592873979004510252
1648218494751127563
412054623687781891
103013655921945473
25753413980486369
4618124371922509497
14989589148262791087
17582455342347861483
13618985872441741179
12628118504965211103
12380401663096078583
16930158471056183357
13455911654618821646
12587349950509481218
3146837487627370304
14621767427189006288
3655441856797251572
14748918519481476605
3687229629870369151
5533493425894980190
5995059374901132950
6110450862152671140
15362670770820331496
8452353711132470778
15948146483065281406
13210408657621096159
12525974201260049847
16966551605597176173
8853323919826681947
2213330979956670487
14388390800271331333
17432155755349996545
13581410975692274945
3395352743923068737
848838185980767185
212209546495191796
53052386623797949
9236635133510725294
2309158783377681323
5188975714271808235
5908929946995339963
10700604523603610799
2675151130900902699
668787782725225675
4778882964108694323
5806406759454561484
1451601689863640371
4974586440893297997
5855332628650712403
1463833157162678100
9589330326145445332
2397332581536361333
599333145384090333
13984891341628186295
8107908853834434476
6638663231885996522
1659665807971499130
9638288488847650590
2409572122211912646
5214079048980366065
10526891799099867324
11855094986629742638
7575459765084823562
6505550959698593795
1626387739924648449
406596934981162113
101649233745290529
25412308436322633
6353077109080659
1588269277270165
397067319317541
99266829829384
24816707457347
6204176864337
1551044216085
13835058443043217733
12682136647615580241
17005592217186058773
4251398054296514693
14897907568856292384
12947848929068848904
17072020287549375938
18103063127169507696
18360823837074540637
18425264014550798871
13829688040492475524
3457422010123118880
864355502530779720
4827774894060082834
15042001778797184420
17595558499981459817
18233947680277528667
13781858956924157975
3445464739231039493
5473052203235147776
15203321106090950657
17635888331804901377
18244030138233389057
18396065589840510977
18434074452742291456
18443576668467736577
18445952222399097857
18446546110881938177
9223322546147872448
6917516654964356016
10952751200595864812
2738187800148966202
14519605005319405262
12853273288184627123
17048376377328320492
18097152149614243834
18359346092685724670
4589836523171431167
10370831167647633598
11816079828766684206
2954019957191671050
738504989297917763
9407998284179255249
11575371607899589620
7505528920402285308
6488068248527959230
1622017062131989806
405504265532997450
101376066383249363
9248716053450588148
11535551050217422845
16718945817836519423
13403108491313905663
3350777122828476415
837694280707119103
209423570176779775
52355892544194943
13088973136048734
4614958261711400086
10377111602282625828
2594277900570656456
5260255493570052019
15150121928674676716
17622588537450832891
18240705189644871934
9171862315838605886
6904651597387039375
10949534936201535651
2737383734050383912
14519403988794759690
12853223034053465730
17048363813795530144
8873776971876270440
16053502298251231323
13236747611417583639
7920872921281783813
1980218230320445952
14330112612862275200
8194214171642956704
2048553542910739176
9735510422582460603
2433877605645615151
608469401411403787
152117350352850946
9261401374442988544
16150408398892910849
4037602099723227712
5621086543358194832
15240329691121712420
8421768441207816008
6717128128729341906
10902654069037111284
11949035554114053629
16822316943810677118
18040637291234832990
18345217378090871958
18421362399804881700
18440398655233384136
18445157719090509747
13834661466627403245
3458665366656850810
10088038378518988511
11745381631484522934
16771403463153294444
18027908921070487323
9118663248695009734
6891351830601140337
15557896012932448796
8501160021660500103
15960348060697288736
8601773033601710089
2150443258400427522
537610814600106880
13969460758932190432
8104051208160435512
11249384838894884686
12035718246578496979
7620615580072012149
6516839913445390940
6240895996788735638
1560223999197183908
9613428036654071784
11626729046018293755
7518368279931961343
15714650125265154046
17763720586598452222
18275988201931776766
18404055105765107903
18436071831723440686
9220703976358248075
16140234049371725731
13258430549197707241
12537979674154202619
3134494918538550655
783623729634637662
195905932408659414
9272348519956940660
6929773148416623069
1732443287104155766
433110821776038940
9331649742298785542
6944598454002084289
6347835631927908976
15422016963264140957
13078876277670811046
12493091106272478568
12346644813422895450
12310033240210499670
7689194328480012821
15757356637402166917
13162711196205317537
17125735854333493097
18116492018865536986
18364181059998547958
9202731283427024893
6912368839284144126
1728092209821036030
432023052455259006
108005763113814750
27001440778453686
6750360194613420
1687590048653354
9223793934366939147
11529320520446510594
16717388185393791361
18014405101630611553
18338659330689816601
4584664832672454151
1146166208168113536
286541552042028385
13906693443292670809
