11445054335973876066
7472949602420856920
6479923419032602134
6231666873185538436
6169602736723772513
10765772721035718936
16526501235541093447
4131625308885273361
14867964382503482052
12940363132480646320
17070148838402325292
18102595264882745035
13749020853075462066
3437255213268865516
5470999821744604282
15202808010718314782
8412388021106966598
2103097005276741649
5137460269746573316
1284365067436643328
4932777285286548737
10456566358176412993
7225827607971491153
15641514957275036500
13133750776173534932
7895123712470771636
11197152964972468717
7410974259670505083
6464429583345014174
15451165451118417254
8474477381206992217
2118619345301748055
14364712891607600725
17426236278184063892
13579931106400791780
8006668795027585849
11225039235611672270
12029631845757693875
7619093979866811373
11128145531821478650
12005408419810145471
3001352104952536366
9973710063092909898
11716799552628003283
16764257943439164533
18026122541141954844
4506530635285488710
10350004695676147985
16422559229201200709
8717325825727688081
2179331456431922021
9768204900962756312
2442051225240689078
9833884843164948077
11681843247646012827
7532146830338891110
1883036707584722776
5082445195323568598
1270611298830892148
9541024861562498845
2385256215390624711
596314053847656177
149078513461914045
9260641665220254319
2315160416305063578
9802162140931041702
2450540535232760425
612635133808190106
9376530820306823334
11567504741931481641
2891876185482870411
14558027101652881315
8251192793840608232
11286170235314927866
12044914595683507774
16846286704203040655
4211571676050760163
1052892919012690040
9486595266607948318
2371648816651987078
592912204162996769
148228051040749193
13872115068042351011
12691400803865363560
3172850200966340890
5404898568668973126
5962910660594631184
10714099702003433605
7290210943928246305
1822552735982061577
9679010220850291203
16254810610494736512
17898760707905847841
9086376195403849864
16106652104133126179
17861721081315445257
9077116288756249219
11492651109043838112
7484848795688347433
11094584235776862666
11997018095798991474
12222626560804523677
12279028677055906727
7681443187691364584
1920360796922841146
5091776217658098190
5884630072841912450
6082843536637866017
15355768939441630217
3838942234860407555
5571421577142489792
10616227431140398256
7265742876212487468
6428121737480509770
15442088489652291155
3860522122413072789
965130530603268196
241282632650817049
4672006676590092167
10391373706002298849
2597843426500574712
14484518911907307391
3621129727976826847
5516968450421594614
10602614149460174461
11874025574219819423
12191878430409730662
16883027662884596377
8832442934148536999
11431482770391910057
12081242729452753322
3020310682363188330
5366763689018184987
1341690922254546247
14170480785845800272
3542620196461450069
14720713104397526228
3680178276099381557
10143416605879621197
11759226188324681107
7551492565508558180
6499559159804527448
6236575808378519766
15394202007376793652
13071922538698974220
17103038689956907267
18110817727771390528
18362762487225011344
18425748677088416548
18441495224554267848
13833745842993342770
17293494516030499404
4323373629007624850
10304215444106682020
7187739879454058408
11020307006718290410
11978448788534348410
2994612197133587103
5360339067710784678
1340084766927696168
335021191731924043
13918813353215144722
8091389356731174084
11246219376037569329
2811554844009392333
5314574729429735987
1328643682357433997
14167218975871522211
8153490762395268456
11261744727453592922
2815436181863398230
5315545063893237460
1328886265973309365
332221566493327340
83055391623331834
9244135884760608766
11534406008044927999
7495287520438619903
1873821880109654974
468455470027413743
117113867506853435
29278466876713358
4619005635146566243
1154751408786641560
14123745907478824103
3530936476869706025
14717792174499590218
12902820080479673363
7837391038547306245
1959347759636826560
489836939909206640
13957517290259465372
17324437377847030055
4331109344461757512
14917835391397603091
17564516903131564484
9002815244210279025
11474075847907345565
2868518961976836390
9940501777348984904
11708497481192022034
16762182425580169220
4190545606395042304
14882694456880924288
8332359632647618977
2083089908161904745
14355830532322639898
3588957633080659975
14732297463552328705
8294760384315470080
6685376114506255425
15506402083908727569
17711658576259345604
13651286680919612209
12636193707084678861
7770734445198557618
6554369629727027309
1638592407431756826
14244706157140102918
12784548576139801537
12419509180889726193
12328249332077207357
7693748351446689743
11146809124716448243
7398388299606499964
1849597074901624991
14297457324007569958
8186050349429280392
11269884624212095907
2817471156053023977
704367789013255995
14011150002535477710
3502787500633869427
14710754930440631069
8289374751037545671
2072343687759386417
5129771940367234509
10505815021946584434
16461511810768809821
17950436007974366167
13710981038848367349
12651117296566867645
3162779324141716910
790694831035429226
197673707758857306
49418426939714326
9235726643589704389
2308931660897426096
14412290970506520237
12826444779481405866
7818297213297739370
1954574303324434842
488643575831108710
122160893957777177
9253912260344220103
6925164083513442928
1731291020878360733
9656194792074365990
2414048698018591497
9826884211359423683
7068407071267243824
6378787786244198861
10818068983415825522
16539575301136120093
13358265862138805831
17174624520816865168
8905342148631604196
2226335537157901049
5168269902716863167
10515439512533991598
2628859878133497899
9880587006388150282
2470146751597037570
617536687899259392
4766070190402202753
1191517547600550689
9521251423754913481
6991998874366116274
10971371755446304876
11966214975716352027
7603239762356475910
6512495959016506880
1628123989754126721
9630403034293307488
7019286777000714777
1754821694250178695
438705423562544672
4721362374318024072
1180340593579506019
14130143203677040217
8144221819346647958
2036055454836661988
9732385900563941304
11656468511995761134
16749175183281103994
8798979814247663903
2199744953561915974
549936238390478993
9360856096452395556
16175272079395262600
8655504038276203555
2163876009569050888
14376027057674426435
17429064819700770320
18192324260207356293
4548081065051839072
1137020266262959769
14119313121847903654
8141514298889363817
11258750611577116762
12038059689749054998
3009514922437263749
9975750767464091744
2493937691866022936
623484422966505734
9379243142596402241
11568182822503876368
2892045705625969092
5334697444833880177
15168732416490633756
13015555140977434247
17088946840526522273
13495608746986406376
3373902186746601594
843475546686650399
9434240923526438407
11581932267736385409
7507169085361484257
1876792271340371064
5080884086262480670
5881907039993008070
10693848796853027824
16508520254495420669
17962188118906018878
18325605085008668430
18416459326534330819
9215800850060970608
6915636230942630556
10952281094590433447
2738070273647608360
5296203586839289994
15159108951991986210
13013149274852772360
17088345373995356803
4272086343498839201
1068021585874709800
4878691414896065355
15054730909006180051
17598740782533708724
4399685195633427180
1099921298908356795
274980324727089199
13903803136463936010
17311008839398147714
13551124246704312737
3387781061676078185
846945265419019546
4823422334782142790
1205855583695535697
14136521951206047637
12757502524656287717
17024433686446235640
18091166476893722622
4522791619223430654
10354069941660633470
2588517485415158367
9870501408208565399
16302683407334305061
17910728907115739977
9089368245206322898
16107400116583744436
8638536047573324012
6771320030320718906
10916202044434955534
11952422547963514690
2988105636990878673
5358712427675107572
1339678106918776892
334919526729694222
9307101918537199363
11550147516489075649
12110908915977044721
3027727228994261180
5368617825675953198
1342154456418988299
4947224632532134978
15071864213415197457
17603024108635963077
4400756027158990768
14935247062071911405
12957183802372753658
12462667987447964222
3115666996861991054
14613974804497661475
12876865737979191176
7830902452922185699
15792783668512710137
13171567953982953343
3292891988495738335
14658281052406098294
17499628318383688284
13598279116450697878
3399569779112674468
849892444778168616
14047531166476705866
12735254828473952275
3183813707118488069
10019325463634397824
2504831365908599457
9849579878331925672
11685767006437757226
12144813788464215114
7647889465543441682
1911972366385860421
477993091596465105
119498272899116277
29874568224779069
13842526697338358479
8072317692761977523
2018079423190494380
504519855797623594
126129963949405899
4643218509414739378
5772490645781072749
1443122661445268187
4972466683788704951
1243116670947176236
4922465186164181963
1230616296541045491
14142712129417425084
3535678032354356270
5495605526515976970
15208959436911157954
3802239859227789488
5562245983234335277
15225619551090747530
13029776924627462690
12480816268011641481
16955262122285074082
13462187567426044328
7977232910283898986
6605994245998362651
6263184579926978567
6177482163409132544
15379428596134446848
3844857149033611712
961214287258402929
240303571814600732
9283447929808425991
16155920037734270208
8650666027860955456
11386038543820014673
16681567691237167381
8782077941236679749
11418891522163945745
7466408898968374341
15701660280024257296
13148787106860840132
3287196776715210033
14656857249460966220
17499272367647405267
8986504110339239220
6858312046012197708
1714578011503049427
9652016539730538165
7024690153360022445
15591230593622169323
3897807648405542331
10197823948956161390
16384514042521204058
8707814529057688918
2176953632264422228
544238408066105557
4747745620443914292
5798622423538366477
6061341624311979522
10738707442932770688
11908048897587968480
2977012224396992121
14579311111381411742
17479885833127516647
4369971458281879161
10315864901425245599
11802338262211087207
2950584565552771801
14572704196670356663
17478234104449752877
4369558526112438218
10315761668382885363
2578940417095721340
5256421122701318239
15149163335957493270
13010662870844149124
12476037754565813088
16954067493923616985
18073574928763067958
4518393732190766989
14964656488329855459
8352850140509851768
2088212535127462943
14357111189064029447
12812649834120783169
17038220513812359505
4259555128453089876
10288260818968048277
16407123260024175780
13325152851860819753
12554660249819980746
16973723117737158898
4243430779434289724
10284229731713348238
11794429469783112866
16783665422727941928
18030974410964149195
9119429621168425203
2279857405292106300
5181650369750414479
5907098610864991522
15311832707998411593
8439644195426990802
15944969104138911412
3986242276034727852
5608246587436069866
6013747665286405370
1503436916321601342
14210917284362564046
17387787376372804722
8958632862520589085
16074716270912310983
8630365086155465649
15992649326821030124
13221534368560033339
7917069610567396239
11202639439496624866
7412345878301544121
11076458506430161839
16604172681889704171
4151043170472426042
5649446811045494414
15247419758043537315
13035226976365660136
7870492762518802938
15802681245911864447
3950670311477966111
5599353596296879431
6011524417501607761
10726253141230177749
11904935322162320244
12199605867395355868
3049901466848838967
762475366712209741
9413990878532828242
2353497719633207060
588374429908301764
13982151662759239152
3495537915689809788
14708942534204616158
12900607670405929847
7836837936028870365
1959209484007217591
14324860426283968108
17416273161853155739
8965754308890676839
2241438577222669208
560359644305667303
140089911076416824
35022477769104206
9232127656297051859
6919717932501650868
15564987538407576429
3891246884601894107
5584497739577861430
10619496471749241164
7266560136364698194
11040012070945950356
7371689036163875492
11066294295895744681
2766573573973936170
9915015430348259850
7090439876014452866
15607668024285776929
3901917006071444233
5587165269945248963
15231849372768475953
8419648361619506893
6716598108832264626
1679149527208066156
14254845437084180251
3563711359271045063
5502613858245149169
15210711519843451005
3802677879960862750
14785727525272379398
17531489936600258561
8994558502577452545
2248639625644363137
9785531943265866592
16281441041098630360
13293732297129433398
17158491129564522061
4289622782391130515
5684091714025170533
1421022928506292633
4966941750553961062
10465107474493266072
7227962887050704422
6418676740190064009
10828041221902291810
2707010305475572953
5288438594796281143
15157167703981233997
3789291925995308499
947322981498827124
4848516763802094684
5823815209377911575
10679325839199253700
11893203496654589233
7584986892591035212
11119618760002534610
12003276726855409461
3000819181713852364
750204795428463090
14022609254139279485
12729024350389595679
7793942106024786823
6560171544933584608
10863414923088171960
16550911786054206703
8749413964940939579
2187353491235234894
14381896428090972434
12818846143877518917
17039769591251543440
8871628416240273765
2217907104060068440
5166162794442405014
1291540698610601253
9546257211507426121
16221622358159020242
17890463644821918773
18307673966487643405
9188604510049298754
2297151127512324688
574287781878081172
143571945469520293
4647579004794767976
1161894751198691994
9513845724654448807
2378461431163612200
594615357790903051
148653839447725763
13872221515144095153
12691427415640799597
17007914909192363610
4251978727298090902
1062994681824522724
14100806725738294393
3525201681434573599
10104672457213419207
11749540151158130609
2937385037789532652
14569404314729546874
8254037097109774622
6675195292704831558
1668798823176207888
9640571742648827780
7021828954089594848
15590515293804562425
17732686878733304319
18268229774965489790
18402115499023536159
9212214893183271942
2303053723295817985
575763430823954497
4755626876133376528
5800592737460732036
1450148184365183009
14197595101373459464
17384456830625528578
8957800226083770048
16074508111803106225
8630313046378164461
2157578261594541115
539394565398635279
134848641349658819
9257084197192190513
16149329104580211340
17872390331427216547
13691469619711579944
17257925460210058698
13537853401907290482
7996149368904210524
6610723360653440535
10876052877018135941
2719013219254533984
9903125341668409305
16310839390699266039
13301081884529592317
7936956489559785982
15819297177672110206
17789882349700191263
4447470587425047814
1111867646856261952
277966911714065489
4681177746355904276
1170294436588976069
14127631664429407728
3531907916107351932
882976979026837983
9444116281611485302
2361029070402871324
590257267600717830
4759250335327567360
15024870639114055553
17591275715060677600
9009504947192557304
2252376236798139327
563094059199534830
9364145551654659515
2341036387913664878
9808631133833192027
2452157783458298006
613039445864574501
13988317916748307337
12720451516041852643
17015170934292626873
13477164770427932527
17204349247889146843
8912773330399674615
6839879351027306556
10933341874611602447
2733335468652900610
9906705904018000960
7088362494431888144
1772090623607972037
14278080711184156721
12792892214650814989
12421595090517479554
16940456827911533600
18070172262260047112
4517543065565011778
5741071784818640848
1435267946204660212
4970503004978552956
10465997788099414047
2616499447024853511
14489182917038377089
8233981747686982177
6670181455349133449
6279231382264671267
15404865900848331529
8462902493639470787
11339097660264643504
16669832470348324588
18002516172869244858
18335687098499474927
13807293811479644538
17286881508152074847
18156778432320182423
9150880626507433509
11511092193481634184
2877773048370408547
9942815298947377945
7097389843164232390
1774347460791058097
443586865197764524
13945954771581604842
3486488692895401211
10094994210078626111
11747120589374432334
2936780147343608083
9957567073690677828
11712763805277445265
12151562988174137125
12261262783898310089
3065315695974577523
14601386979275808093
8262032763246339926
11288880227666360788
2822220056916590197
705555014229147549
176388753557286886
44097188389321721
4622710315524718335
1155677578881179583
9512291431575070703
16213130913175931386
8664968746721370750
11389614223535118495
2847403555883779622
14546908944253108616
8248413254490665059
2062103313622666264
515525828405666566
4740567475528804544
1185141868882201137
4907971485647938188
1226992871411984547
4918434236280384041
10452980595924871818
16448303204263381667
17947133856348009128
9098469482514390186
11497989407483373355
16709555407153007051
4177388851788251762
10267719249801838749
16401987867732623398
13323869003787931657
7942653269374370818
6597349335770980608
15484395389224908865
3871098847306227216
967774711826556804
14077001733238802912
17354308488591864440
18173635177430129823
18378466849639696166
18429674767692087752
4607418691923021939
5763540691408143388
10664257209706811655
16501122357708866625
8736966607854604561
6795927670391039045
1698981917597759760
424745479399439941
106186369849859985
4638232610889852900
10382930189577239033
11819104584249085566
12178148182917047199
7656223064156649703
15749113821321326137
13160650492185107343
3290162623046276834
14657598711043732920
3664399677760933231
5527785937867621211
15217004539749069015
8415937153364655156
15939042343623327501
17819818641187995587
9066640678724386801
2266660169681096700
5178351060847662079
1294587765211915519
4935332959730366782
15068891295214755406
3767222823803688850
5553491724378310117
6000058949521965432
15335072792662655071
17668826253447827479
18252264618644120580
18398124209943193857
18434589107767962176
4608647276941990544
1152161819235497636
14123098510091038120
17365832682804923243
18176516225983394522
13767501093350624439
8053561291765044012
6625076341368648906
10879641122196938034
16554968335831398220
17973800139240013266
4493450034810003316
1123362508702500829
280840627175625206
9293582193648682109
11546767585266946334
12110063933171512391
12250888020147653905
3062722005036913477
5377366519686616273
1344341629921654068
14171143462762577229
8154471884118032211
11261990007884283861
16650555557253234677
13386010926168084477
12569874768396796926
7754154710526587135
1938538677631646782
9708006706262687503
7038687694993059778
10983043960603040752
2745760990150760189
5298126265965077950
15159589621773433198
8401583423870746202
2100395855967686551
9748471000846697444
16272175805493838072
13291415988228235326
7934540015484446734
1983635003871111683
9719280787822553728
11653192233810414240
7524984076879991465
1881246019219997867
14305369560087163179
3576342390021790794
14729143652787611410
8293971931624290756
2073492982906072689
9741745282581293980
11658808357500099303
7526388107802412729
15716655082232766895
13152535807412967530
7899819970280629787
1974954992570157447
5105424766569927264
15111414246924645529
8389539580158549287
6709070913467025224
15512325783648920018
3878081445912230004
14804578416760221213
12924516641044831110
17066187215543371489
18101604859168006585
9137087233219389551
2284271808304847386
5182753970503599750
10519060529480675744
11853137169224944745
12186656329161011994
16881722137572416711
4220430534393104177
5666793652025663948
6028384431433803890
6118782126285838877
6141381549998847623
1535345387499711904
383836346874927976
9319331123573507803
11553204817748152759
7499987222864426092
15710054860998270234
3927513715249567559
10205250465667167697
11774684653271567732
2943671163317891932
735917790829472982
9407351484562144053
2351837871140536012
5199645486212521906
5911597389980518381
10701271384349905402
16510375901369640062
17962652030624573727
18325721062938307142
18416488321016740497
13827494117108960932
8068559547704628136
11240511923780932842
7421813999372621114
6467139518270543182
6228470897995023698
1557117724498755924
9612651467979464788
11626534903849642004
2906633725962410501
14561716486772766336
17475487176975355296
13592243831098614632
3398060957774653659
849515239443663415
14047436865143079565
8123545234713157794
2030886308678289448
9731093614024348171
7044459421933474946
15596172910765532448
8510729246118771017
2127682311529692754
9755292614737198996
2438823153684299749
609705788421074937
4764112465532656639
1191028116383164159
14132815084377954751
3533203771094488686
5494986961201010075
10597118777155028327
2649279694288757080
9885691960426965079
2471422990106741268
14452913802808849029
8224914469129600160
15891286672564563753
17807879723423304650
13675341967710601971
17253893547209814204
13536845423657229358
12607583392769083146
12375267885047046595
7705502989689149553
11149747784277063196
2787436946069265799
5308545254944704352
5938822332163563993
15319763638323054711
17664998964862927389
18251307796497895558
9174512967551861792
2293628241887965449
573407060471991362
4755037783545385745
5800445464313734341
6061797384505821489
6127135364553843276
10755155877993236627
11912161006353084965
12201412288443047049
16885411127392925475
18056410837130395081
18349160764564762482
13810662227995966429
17287723612281155319
