16717361816799281153
8791026472627208193
6809442636584189953
1702360659146047489
425590164786511873
106397541196627969
26599385299156993
6649846324789249
1662461581197313
415615395299329
103903848824833
25975962206209
6493990551553
4611687641925025793
14987979965763420161
17582053046723018753
13618885298535530497
3404721324633882625
851180331158470657
212795082789617665
53198770697404417
13299692674351105
3324923168587777
831230792146945
207807698036737
51951924509185
12987981127297
3246995281825
811748820457
202937205115
50734301279
12683575319
3170893829
792723457
198180865
49545217
12386305
3096577
774145
193537
48385
12097
3025
757
188
46
9223372036854775818
11529215046068469763
16717361816799281153
18014398509481984001
18338657682652659713
18419722475945328641
18439988674268495873
18445055223849287681
18446321861244485633
18446638520593285121
18446717685430484993
18446737476639784961
18446742424442109953
18446743661392691201
18446743970630336513
18446744047939747841
18446744067267100673
18446744072098938880
18446744073306898432
18446744073608888320
18446744073684385792
18446744073703260160
18446744073707978752
18446744073709158400
18446744073709453312
18446744073709527040
18446744073709545472
18446744073709550080
13835058055282163328
3458764513820540832
864691128455135208
4827858800541171706
15042022755417456638
17595563744136527871
18233948991316295679
18393545303111237631
18433444381059973119
18443419150547156991
18445912842918952959
18446536266011901951
18446692121785139199
18446731085728448511
18446740826714275839
18446743261960732671
18446743870772346879
9223371986120474623
6917529014957506558
1729382253739376638
432345563434844158
108086390858711038
27021597714677758
6755399428669438
1688849857167358
422212464291838
105553116072958
26388279018238
6597069754558
1649267438638
9223372449171635466
11529215149147684675
16717361842569084881
18014398515924434933
18338657684263272445
18419722476347981823
18439988674369159167
18445055223874453503
18446321861250777087
18446638520594857983
18446717685430878207
18446737476639883263
18446742424442134527
18446743661392697343
18446743970630338047
18446744047939748223
18446744067267100767
18446744072098938903
18446744073306898437
18446744073608888321
18446744073684385793
18446744073703260161
18446744073707978753
18446744073709158401
18446744073709453313
18446744073709527041
18446744073709545473
18446744073709550081
18446744073709551233
18446744073709551521
18446744073709551593
13835058055282163707
3458764513820540927
864691128455135230
4827858800541171710
15042022755417456638
17595563744136527870
18233948991316295678
18393545303111237630
18433444381059973118
18443419150547156990
18445912842918952958
18446536266011901950
18446692121785139198
18446731085728448510
18446740826714275838
18446743261960732670
18446743870772346878
18446744022975250430
18446744061025976319
18446744070538657791
18446744072916828159
18446744073511370751
18446744073660006399
18446744073697165311
18446744073706455039
18446744073708777471
18446744073709358079
18446744073709503231
18446744073709539519
18446744073709548591
18446744073709550859
18446744073709551427
18446744073709551569
9223372036854775797
6917529027641081852
1729382256910270462
432345564227567614
108086391056891902
27021597764222974
6755399441055742
1688849860263934
422212465065982
105553116266494
26388279066622
6597069766654
1649267441662
412316860414
103079215102
25769803774
6442450942
1610612734
402653182
100663294
25165822
6291454
1572862
393214
98302
24574
6142
1534
382
9223372036854775902
11529215046068469782
16717361816799281156
18014398509481984000
18338657682652659713
18419722475945328641
18439988674268495873
18445055223849287681
18446321861244485633
18446638520593285121
18446717685430484993
18446737476639784961
18446742424442109953
18446743661392691201
18446743970630336512
18446744047939747840
9223372030412324864
6917529026030469121
1729382256507617281
432345564126904321
108086391031726081
27021597757931521
6755399439482881
1688849859870721
422212464967681
105553116241921
26388279060481
6597069765121
1649267441281
412316860321
103079215081
4611686044197191675
14987979566331461631
17582052946865029119
18230571291998420991
18392700878281768959
18433233274852605951
18443366373995315199
18445899648780992511
18446532967477411839
18446691297151516671
18446730879570042879
18446740775174674431
18446743249075832319
18446743867551121791
18446744022169944159
18446744060824649751
18446744070488326149
18446744072904245249
18446744073508225025
18446744073659219969
18446744073696968705
18446744073706405889
18446744073708765185
18446744073709355009
18446744073709502465
18446744073709539329
18446744073709548545
18446744073709550849
18446744073709551425
18446744073709551569
9223372036854775797
6917529027641081853
1729382256910270463
432345564227567615
108086391056891903
27021597764222975
6755399441055743
1688849860263935
422212465065983
105553116266495
26388279066623
6597069766655
1649267441663
9223372449171636223
11529215149147684862
16717361842569084926
18014398515924434942
18338657684263272446
18419722476347981822
18439988674369159166
18445055223874453502
18446321861250777086
18446638520594857982
18446717685430878206
18446737476639883262
18446742424442134526
18446743661392697342
18446743970630338046
18446744047939748222
18446744067267100766
18446744072098938902
18446744073306898436
18446744073608888320
18446744073684385793
18446744073703260161
18446744073707978753
18446744073709158401
18446744073709453313
18446744073709527041
18446744073709545473
18446744073709550081
18446744073709551233
18446744073709551521
18446744073709551593
18446744073709551611
18446744073709551615
18446744073709551615
18446744073709551615
18446744073709551615
18446744073709551615
18446744073709551615
18446744073709551615
18446744073709551615
18446744073709551615
18446744073709551615
18446744073709551615
18446744073709551615
18446744073709551615
9223372036854775807
6917529027641081855
1729382256910270463
9655717601082343423
11637301437125361662
16744383414563504126
18021153908923039742
18340346532512923646
18420144688410394622
18440094227384762366
18445081612128354302
18446328458314252286
18446640169860726782
18446718097747345406
18446737579719000062
18446742450211913726
18446743667835142142
18446743972240949246
18446744048342401022
9223372030512988158
6917529026055634943
1729382256513908735
432345564128477183
108086391032119295
27021597758029823
6755399439507455
1688849859876863
422212464969215
105553116242303
26388279060575
6597069765143
1649267441285
412316860321
103079215080
4611686044197191674
14987979566331461630
17582052946865029119
18230571291998420991
18392700878281768959
18433233274852605951
18443366373995315199
18445899648780992511
18446532967477411839
18446691297151516671
18446730879570042879
18446740775174674431
18446743249075832319
18446743867551121791
9223371985315168351
6917529014756179991
1729382253689044997
432345563422261249
108086390855565313
27021597713891329
6755399428472833
1688849857118209
422212464279553
105553116069889
26388279017473
6597069754369
1649267438593
9223372449171635457
11529215149147684672
16717361842569084880
18014398515924434932
18338657684263272444
18419722476347981822
18439988674369159166
18445055223874453502
18446321861250777086
18446638520594857982
18446717685430878206
18446737476639883262
18446742424442134526
18446743661392697342
18446743970630338046
18446744047939748222
18446744067267100766
18446744072098938902
18446744073306898436
18446744073608888320
18446744073684385793
18446744073703260161
18446744073707978753
18446744073709158401
18446744073709453313
18446744073709527041
18446744073709545473
18446744073709550081
18446744073709551233
18446744073709551521
18446744073709551593
13835058055282163707
3458764513820540927
864691128455135230
216172782113783806
54043195528445950
13510798882111486
3377699720527870
844424930131966
211106232532990
52776558133246
13194139533310
3298534883326
824633720830
206158430206
51539607550
12884901886
3221225470
9223372037660082174
11529215046269796350
16717361816849612798
18014398509494566910
18338657682655805438
18419722475946115070
18439988674268692478
18445055223849336830
18446321861244497918
18446638520593288190
18446717685430485758
18446737476639785150
18446742424442109998
18446743661392691210
18446743970630336514
18446744047939747840
9223372030412324864
6917529026030469120
1729382256507617280
432345564126904320
108086391031726080
27021597757931520
6755399439482880
1688849859870720
422212464967680
105553116241920
26388279060480
6597069765120
1649267441280
412316860320
103079215080
25769803770
6442450942
1610612734
402653182
100663294
25165822
6291454
1572862
393214
98302
24574
6142
1534
382
94
22
4611686018427387908
14987979559889010688
17582052945254416385
18230571291595767809
18392700878181105665
18433233274827440129
18443366373989023745
18445899648779419649
18446532967477018625
18446691297151418369
18446730879570018305
9223368738319892481
6917528203007361025
1729382050751840257
9655717549542735873
11637301424240459776
16744383411342278656
18021153908117733376
18340346532311597056
18420144688360062976
18440094227372179456
18445081612125208576
18446328458313465856
18446640169860530176
18446718097747296256
18446737579718987776
18446742450211910656
18446743667835141376
18446743972240949056
13835058029915013072
12682136544333529076
12393906172938158076
16933534598516703230
18068441704911339518
18352168481509998590
18423100175659663358
18440833099197079550
18445266330081433598
18446374637802522110
18446651714732794238
18446720983965362270
18446738301273504278
18446742630600539780
18446743712932298656
18446743983515238376
18446744051160973306
18446744068072407038
18446744072300265470
18446744073357230078
18446744073621471230
18446744073687531518
18446744073704046590
18446744073708175358
18446744073709207550
18446744073709465598
18446744073709530110
18446744073709546238
18446744073709550270
18446744073709551278
18446744073709551530
18446744073709551595
18446744073709551611
18446744073709551615
18446744073709551614
18446744073709551614
18446744073709551614
18446744073709551614
18446744073709551614
18446744073709551614
18446744073709551614
18446744073709551614
18446744073709551614
9223372036854775806
6917529027641081855
1729382256910270463
432345564227567615
108086391056891903
27021597764222975
6755399441055743
1688849860263935
422212465065983
105553116266495
26388279066623
6597069766655
1649267441663
412316860415
103079215103
25769803775
6442450943
1610612735
4611686018830041087
14987979559989673983
17582052945279582206
18230571291602059262
18392700878182678526
18433233274827833342
18443366373989122046
18445899648779444222
18446532967477024766
18446691297151419902
18446730879570018686
18446740775174668382
18446743249075830806
18446743867551121412
18446744022169944064
18446744060824649728
18446744070488326144
18446744072904245248
18446744073508225024
18446744073659219968
18446744073696968704
18446744073706405888
18446744073708765184
18446744073709355008
18446744073709502464
18446744073709539328
18446744073709548544
18446744073709550848
18446744073709551424
18446744073709551568
9223372036854775796
6917529027641081853
1729382256910270463
432345564227567615
108086391056891903
27021597764222975
6755399441055743
1688849860263935
422212465065983
105553116266495
26388279066623
6597069766655
1649267441663
412316860415
103079215103
25769803775
9223372043297226751
11529215047679082495
16717361817201934335
18014398509582647295
18338657682677825535
18419722475951620095
18439988674270068735
18445055223849680895
18446321861244583935
18446638520593309695
18446717685430491135
18446737476639786495
13835056406014722431
3458764101503680607
864691025375920151
4827858774771367941
15042022748975005697
17595563742525915136
18233948990913642496
18393545303010574336
18433444381034807296
18443419150540865536
18445912842917380096
18446536266011508736
18446692121785040896
18446731085728423936
18446740826714269696
18446743261960731136
18446743870772346496
18446744022975250336
18446744061025976296
18446744070538657786
18446744072916828158
18446744073511370750
18446744073660006398
18446744073697165310
18446744073706455038
18446744073708777470
18446744073709358078
18446744073709503230
18446744073709539518
18446744073709548590
9223372036854775050
6917529027641081667
1729382256910270417
432345564227567605
108086391056891901
27021597764222975
6755399441055743
1688849860263935
422212465065983
105553116266495
26388279066623
6597069766655
1649267441663
412316860415
103079215103
25769803775
6442450943
1610612735
402653183
9223372036955439103
11529215046093635583
16717361816805572607
18014398509483556863
18338657682653052927
18419722475945426943
18439988674268520447
18445055223849293823
18446321861244487167
18446638520593285503
18446717685430485087
18446737476639784983
13835056406014722053
3458764101503680513
864691025375920128
216172756343980032
54043189085995008
13510797271498752
3377699317874688
844424829468672
211106207367168
52776551841792
13194137960448
3298534490112
824633622528
206158405632
51539601408
12884900352
3221225088
805306272
201326569
50331643
12582911
3145727
786431
196607
49151
12287
3071
767
191
47
11
3
1
1
1
1
1
1
1
1
1
1
1
1
1
1
1
1
1
1
0
0
0
0
0
0
0
0
0
0
0
0
0
0
4611686018427387904
14987979559889010688
17582052945254416384
18230571291595767808
18392700878181105664
18433233274827440128
18443366373989023744
18445899648779419648
18446532967477018624
18446691297151418368
18446730879570018304
18446740775174668288
18446743249075830784
18446743867551121408
9223371985315168256
6917529014756179969
1729382253689044993
432345563422261249
108086390855565313
27021597713891329
6755399428472833
1688849857118209
422212464279553
105553116069889
26388279017473
6597069754369
1649267438593
412316859649
103079214913
25769803729
6442450933
1610612732
402653182
100663294
25165822
6291454
1572862
393214
98302
24574
6142
1534
382
94
22
4
0
0
0
0
0
0
0
0
0
0
0
0
0
9223372036854775808
11529215046068469760
12105675798371893248
3026418949592973312
756604737398243328
189151184349560832
47287796087390208
11821949021847552
2955487255461888
738871813865472
184717953466368
46179488366592
11544872091648
9223374923072798720
11529215767622975489
16717361997187907585
18014398554579140609
18338657693926948865
18419722478763900929
18439988674973138945
18445055224025448449
18446321861288525825
18446638520604295169
18446717685433237505
18446737476640473089
18446742424442281985
18446743661392734209
18446743970630347265
18446744047939750529
18446744067267101345
18446744072098939049
18446744073306898475
9223372036754112523
6917529027615916035
1729382256903979009
432345564225994753
108086391056498689
27021597764124673
6755399441031169
1688849860257793
422212465064449
105553116266113
26388279066529
6597069766633
1649267441659
412316860415
103079215103
25769803775
6442450943
1610612735
402653183
100663295
25165823
6291455
1572863
393215
98303
24575
6143
1535
383
9223372036854775903
11529215046068469782
16717361816799281156
18014398509481984000
18338657682652659713
18419722475945328641
18439988674268495873
18445055223849287681
18446321861244485633
18446638520593285121
18446717685430484993
18446737476639784961
18446742424442109953
18446743661392691201
18446743970630336513
18446744047939747841
18446744067267100673
18446744072098938881
18446744073306898433
18446744073608888321
18446744073684385793
18446744073703260161
18446744073707978753
18446744073709158401
18446744073709453313
18446744073709527041
18446744073709545473
18446744073709550081
18446744073709551233
18446744073709551521
18446744073709551593
13835058055282163707
3458764513820540927
864691128455135231
216172782113783807
54043195528445951
13510798882111487
3377699720527871
844424930131967
211106232532991
52776558133247
13194139533311
3298534883327
824633720831
206158430207
51539607551
12884901887
3221225471
805306367
201326591
50331647
12582911
3145727
786431
196607
49151
12287
3071
9223372036854776575
11529215046068469951
16717361816799281199
18014398509481984011
18338657682652659715
18419722475945328641
18439988674268495873
18445055223849287681
18446321861244485633
18446638520593285121
18446717685430484993
18446737476639784961
18446742424442109953
18446743661392691201
18446743970630336513
18446744047939747841
18446744067267100673
18446744072098938881
18446744073306898433
18446744073608888321
18446744073684385792
18446744073703260160
18446744073707978752
18446744073709158400
18446744073709453312
18446744073709527040
18446744073709545472
18446744073709550080
18446744073709551232
18446744073709551520
18446744073709551592
13835058055282163706
3458764513820540926
864691128455135231
216172782113783807
54043195528445951
13510798882111487
3377699720527871
844424930131967
211106232532991
52776558133247
13194139533311
3298534883327
824633720831
206158430207
51539607551
12884901887
3221225471
9223372037660082175
11529215046269796351
16717361816849612799
18014398509494566911
18338657682655805439
18419722475946115071
18439988674268692479
18445055223849336831
18446321861244497919
18446638520593288191
18446717685430485759
18446737476639785151
18446742424442109999
18446743661392691211
18446743970630336515
18446744047939747841
18446744067267100673
18446744072098938881
18446744073306898433
18446744073608888321
18446744073684385793
18446744073703260161
18446744073707978753
18446744073709158401
18446744073709453313
18446744073709527041
18446744073709545473
18446744073709550081
18446744073709551233
18446744073709551521
18446744073709551593
18446744073709551611
9223372036854775807
6917529027641081854
1729382256910270462
432345564227567614
108086391056891902
27021597764222974
6755399441055742
1688849860263934
422212465065982
105553116266494
26388279066622
6597069766654
1649267441662
412316860414
103079215102
25769803774
6442450942
1610612734
402653182
100663294
25165822
