26388253949950
6597063487486
1649265871870
412316467966
103079116990
4611686044197167150
5764607529476679690
6052837900796557826
6124895493626527360
15366281928688795552
17676628537454362600
18254215189645754362
18398611852693602302
18434711018455564287
18443735809896054783
18445992007756177407
18446556057221208063
18446697069587465727
18446732322679030143
18446741135951921247
18446743339270144023
18446743890099699717
18446744027807088641
18446744062233935873
18446744070840647681
18446744072992325633
18446744073530245121
18446744073664724993
18446744073698344961
18446744073706749953
18446744073708851201
18446744073709376513
18446744073709507841
18446744073709540673
18446744073709548881
18446744073709550933
18446744073709551444
18446744073709551572
9223372036854775796
6917529027641081852
1729382256910270462
432345564227567614
108086391056891903
27021597764222975
6755399441055743
1688849860263935
422212465065983
105553116266495
26388279066623
6597069766655
1649267441663
412316860415
103079215103
25769803775
6442450943
1610612735
402653183
100663295
25165823
6291455
1572863
393215
98303
24575
6143
1535
4611686018427388287
14987979559889010783
17582052945254416406
13618885273168379908
12628093355146870784
12380395375641493505
16930156899192537089
18067597280080297985
18351957375302238209
18423047399107723265
18440819905059094529
18445263031546937345
18446373813168898049
18446651508574388225
18446720932425760769
18446738288388603905
18446742627379314689
9223371675272216577
6917528937245442048
1729382234311360512
432345558577840128
108086389644460033
27021597411115009
6755399352778753
1688849838194689
422212459548673
105553114887169
26388278721793
6597069680449
1649267420113
9223372449171630837
11529215149147683516
16717361842569084590
18014398515924434858
18338657684263272426
18419722476347981818
18439988674369159166
18445055223874453503
18446321861250777087
18446638520594857983
18446717685430878207
18446737476639883263
18446742424442134527
18446743661392697343
18446743970630338047
18446744047939748223
9223372030412324959
6917529026030469143
1729382256507617285
432345564126904321
108086391031726081
27021597757931521
6755399439482881
1688849859870721
422212464967681
105553116241921
26388279060481
6597069765121
1649267441281
412316860321
103079215081
4611686044197191675
14987979566331461631
17582052946865029118
18230571291998420990
18392700878281768958
18433233274852605951
18443366373995315199
18445899648780992511
18446532967477411839
18446691297151516671
18446730879570042879
18446740775174674431
18446743249075832319
18446743867551121791
18446744022169944159
18446744060824649751
18446744070488326149
18446744072904245249
18446744073508225024
18446744073659219968
9223372036842192896
6917529027637936129
1729382256909484033
432345564227371009
108086391056842753
27021597764210689
6755399441052673
1688849860263169
422212465065793
105553116266449
26388279066613
6597069766653
1649267441663
412316860415
103079215103
25769803775
6442450943
1610612735
402653183
100663295
25165823
6291455
1572863
393215
98303
24575
9223372036854781951
11529215046068471295
16717361816799281535
18014398509481984095
18338657682652659735
18419722475945328645
18439988674268495873
18445055223849287681
18446321861244485633
18446638520593285121
18446717685430484993
18446737476639784961
18446742424442109953
18446743661392691201
18446743970630336513
18446744047939747841
9223372030412324865
6917529026030469121
1729382256507617281
9655717600981680129
11637301437100195841
16744383414557212673
18021153908921466881
18340346532512530433
18420144688410296321
18440094227384737793
18445081612128348161
18446328458314250753
18446640169860726401
18446718097747345313
18446737579719000040
18446742450211913722
9223371630980366334
6917528926172479487
1729382231543119871
432345557885779967
108086389471444990
27021597367861246
6755399341965310
1688849835491326
422212458872830
105553114718206
26388278679550
6597069669886
1649267417470
412316854366
103079213590
4611686044197191300
14987979566331461536
17582052946865029097
18230571291998420987
18392700878281768959
18433233274852605950
18443366373995315198
18445899648780992510
18446532967477411838
18446691297151516670
18446730879570042878
18446740775174674430
18446743249075832318
18446743867551121790
18446744022169944158
18446744060824649751
18446744070488326149
9223372036049469441
6917529027439755265
1729382256859938817
432345564214984705
108086391053746177
27021597763436545
6755399440859137
1688849860214785
422212465053697
105553116263425
26388279065857
6597069766465
4611687667694829521
5764607935351095285
6052838002265161725
1513209500566290431
9601674411996348415
11623790639853862910
16741005715245629438
18020309484093571070
18340135426305556478
18420091911858552830
18440081033246801918
18445078313593864190
18446327633680629758
18446639963702321150
9223346009352968190
6917522520765629951
1729380630191407487
432345157547851871
108086289386962967
27021572346740741
6755393086685185
1688848271671297
422212067917825
105553016979457
26388254244865
6597063561217
1649265890305
412316472577
103079118145
25769779537
6442444885
1610611220
402652804
100663200
25165801
4611686018433679355
14987979559890583551
17582052945254809598
18230571291595866110
18392700878181130238
18433233274827446270
18443366373989025278
18445899648779420030
18446532967477018718
18446691297151418390
18446730879570018308
18446740775174668288
18446743249075830784
18446743867551121408
18446744022169944064
18446744060824649729
18446744070488326145
18446744072904245249
18446744073508225025
18446744073659219969
18446744073696968705
18446744073706405889
18446744073708765185
18446744073709355009
9223372036854726657
6917529027641069569
6341068275337655297
6196953087261801729
6160924290242838336
1540231072560709584
9608429804994953204
11625479488103514108
16741427927308042238
18020415037109174270
18340161814559457278
18420098508922028030
18440082682512670718
18445078725910331390
18446327736759746558
18446639989472100350
18446718052650188798
18446737568444710910
18446742447393341438
18446743667130499070
18446743972064788478
18446744048298360830
18446744067356753918
18446744072121352190
18446744073312501758
18446744073610289150
18446744073684735998
18446744073703347710
18446744073708000638
18446744073709163870
18446744073709454678
18446744073709527380
9223372036854769748
6917529027641080340
6341068275337657988
15420325124116578208
17690139336311308265
18257592889359990779
18399456277622161407
18434922124687704062
18443788586454089726
18446005201895686142
18446559355756085246
18446697894221185022
18446732528837459966
18446741187491528702
18446743352155045886
18446743893320925182
9223371991757619198
6917529016366792702
1729382254091698174
9655717600377700350
11637301436949200894
16744383414519463934
18021153908912029694
18340346532510171134
18420144688409706494
18440094227384590334
18445081612128311294
18446328458314241534
18446640169860724094
9223346060892568926
6917522533650530135
1729380633412632533
432345158353158133
108086289588289532
4638707590824460286
14994734952988278782
17583741793529233407
18230993503664472063
18392806431198281727
18433259663081734143
18443372971052597247
18445901298045313023
18446533379793491967
18446691400230536703
18446730905339797887
18446740781617113183
18446743250686442007
18446743867953774213
18446744022270607265
18446744060849815529
18446744070494617595
18446744072905818111
18446744073508618239
18446744073659318271
18446744073696993279
18446744073706412031
18446744073708766719
18446744073709355391
18446744073709502559
18446744073709539351
13835058055282160645
3458764513820540161
864691128455135041
216172782113783761
9277415232383221749
11542725844950581244
16720739516519809022
18015242934412115966
18338868788885192702
18419775252503461886
18440001868408029182
18445058522384171006
18446322685878206462
18446638726751715326
18446717736970092542
18446737489524686846
18446742427663335422
9223371625343221758
6917528924763193342
1729382231190798334
9655717594652475390
11637301435517894655
16744383414161637375
18021153908822573055
18340346532487806975
18420144688404115455
18440094227383192575
18445081612127961855
18446328458314154175
18446640169860702255
18446718097747339275
18446737579718998531
18446742450211913345
18446743667835142049
18446743972240949225
18446744048342401019
18446744067367763967
18446744072124104702
18446744073313189886
18446744073610461182
18446744073684779006
18446744073703358462
18446744073708003326
18446744073709164542
18446744073709454846
18446744073709527422
18446744073709545566
18446744073709550103
18446744073709551237
18446744073709551521
18446744073709551593
18446744073709551611
18446744073709551615
18446744073709551615
18446744073709551615
18446744073709551615
18446744073709551615
18446744073709551615
18446744073709551615
18446744073709551615
18446744073709551615
18446744073709551615
18446744073709551615
18446744073709551615
18446744073709551615
18446744073709551615
18446744073709551614
18446744073709551614
18446744073709551614
18446744073709551614
18446744073709551614
18446744073709551614
18446744073709551614
18446744073709551614
18446744073709551614
9223372036854775806
6917529027641081854
1729382256910270462
9655717601082343422
11637301437125361663
16744383414563504127
8797781872068263935
6811131486444453887
1702782871611113471
425695717902778367
106423929475694591
26605982368923647
6651495592230911
1662873898057727
415718474514431
103929618628607
25982404657151
6495601164287
4611687642327678975
14987979965864083455
17582053046748184575
13618885298541821951
3404721324635455487
851180331158863871
212795082789715967
53198770697428991
13299692674357247
3324923168589311
831230792147327
207807698036831
51951924509207
12987981127301
9223375283850057633
11529215857817290216
16717362019736486266
18014398560216285278
18338657695336235030
18419722479116222468
18439988675061219328
18445055224047468544
18446321861294030848
18446638520605671424
18446717685433581568
18446737476640559104
18446742424442303488
18446743661392739584
18446743970630348608
18446744047939750864
18446744067267101428
18446744072098939069
18446744073306898479
9223372036754112523
6917529027615916034
1729382256903979008
432345564225994752
108086391056498688
27021597764124672
6755399441031168
1688849860257792
422212465064448
105553116266112
9223398425133842336
11529221643138236393
16717363466066722811
18014398921798844415
18338657785731874815
18419722501715132415
18439988680710946815
18445055225459900414
18446321861647138814
18446638520693948414
18446717685455650814
18446737476646076414
18446742424443682814
18446743661393084414
18446743970630434814
18446744047939772414
9223372030412331006
6917529026030470654
6341068274935005566
15420325124015915102
17690139336286142486
13645906870926311428
3411476717731577856
852869179432894465
213217294858223617
53304323714555905
13326080928638977
3331520232159745
832880058039937
208220014509985
52055003627497
13013750906875
3253437726719
813359431678
203339857918
9223372087689740286
11529215058777210879
16717361819976466431
18014398510276280319
18338657682851233791
18419722475994972159
18439988674280906751
18445055223852390399
18446321861245261311
18446638520593479039
18446717685430533471
18446737476639797079
18446742424442112981
9223371624537916149
6917528924561866941
1729382231140466735
432345557785116683
108086389446279171
27021597361569793
6755399340392449
1688849835098113
422212458774529
105553114693633
26388278673409
6597069668353
1649267417089
412316854273
103079213569
25769803393
6442450849
1610612713
402653179
100663295
25165823
6291455
1572863
393215
98303
24575
6143
1535
4611686018427388287
5764607523034234975
6052837899185946646
6124895493223874564
15366281928588132352
17676628537429196801
13642529171212075009
3410632292803018753
852658073200754689
213164518300188673
53291129575047169
13322782393761793
3330695598440449
832673899610113
208168474902529
52042118725633
13010529681409
3252632420353
813158105089
203289526273
50822381569
12705595392
3176398848
794099712
198524928
49631232
12407808
3101952
775488
193872
9223372036854824276
11529215046068481877
12105675798371896277
3026418949592974069
756604737398243516
189151184349560878
9270659832942166026
11541036995090317315
16720317304054743041
18015137381295849473
18338842400606126081
18419768655433695233
18440000219140587521
18445058110067310593
18446322582798991361
18446638700981911553
18446717730527641601
18446737487914074113
18446742427260682241
18446743662097334273
18446743970806497281
18446744047983788033
18446744067278110721
18446744072101691393
18446744073307586561
18446744073609060353
18446744073684428801
18446744073703270913
18446744073707981441
18446744073709159073
18446744073709453481
13835058055282139179
12682136550675310603
12393906174523603458
16933534598913064576
8845069668155654048
6822953435466301416
1705738358866575354
426434589716643838
106608647429160959
26652161857290239
6663040464322559
1665760116080639
416440029020159
104110007255039
26027501813759
6506875453439
1626718863359
406679715839
101669928958
25417482238
9223372043209146366
11529215047657062399
16717361817196429311
18014398509581271039
18338657682677481471
18419722475951534079
18439988674270047231
18445055223849675519
18446321861244582591
18446638520593309359
18446717685430491051
18446737476639786475
18446742424442110331
18446743661392691295
18446743970630336534
13835058029512359940
3458764507378089984
864691126844522496
216172781711130624
54043195427782656
13510798856945664
3377699714236416
844424928559104
211106232139776
52776558034944
13194139508736
9223375335389652992
11529215870702189056
16717362022957710976
18014398561021591456
18338657695537561576
18419722479166554106
18439988675073802238
18445055224050614270
18446321861294817278
18446638520605868030
18446717685433630718
18446737476640571390
18446742424442306558
18446743661392740350
18446743970630348798
18446744047939750910
18446744067267101438
18446744072098939071
18446744073306898479
9223372036754112523
6917529027615916035
1729382256903979009
432345564225994753
108086391056498689
27021597764124673
6755399441031169
1688849860257793
422212465064449
105553116266113
26388279066529
6597069766633
1649267441659
9223372449171636223
11529215149147684862
16717361842569084926
18014398515924434942
18338657684263272446
18419722476347981822
18439988674369159166
18445055223874453502
18446321861250777086
18446638520594857982
18446717685430878206
18446737476639883262
18446742424442134526
18446743661392697342
18446743970630338046
18446744047939748222
18446744067267100766
18446744072098938902
18446744073306898436
18446744073608888320
18446744073684385793
18446744073703260161
18446744073707978753
18446744073709158401
18446744073709453313
18446744073709527041
18446744073709545473
18446744073709550081
18446744073709551233
9223372036854775713
6917529027641081832
1729382256910270458
432345564227567614
108086391056891902
27021597764222974
6755399441055742
1688849860263934
422212465065982
105553116266494
26388279066622
6597069766654
1649267441662
412316860414
103079215102
25769803774
9223372043297226750
11529215047679082494
16717361817201934334
8791026472727871486
6809442636609355775
1702360659152338943
425590164788084735
106397541197021183
26599385299255295
6649846324813823
1662461581203455
415615395300863
103903848825215
9223398012816982111
11529221540059021334
16717363440296919044
18014398915356393472
18338657784121262080
18419722501312479232
9216616643755507712
6915840179366264833
1728960044841566209
432240011210391553
108060002802597889
27015000700649473
6753750175162369
1688437543790593
422109385947649
105527346486913
26381836621729
6595459155433
1648864788859
412216197215
103054049302
4611686044190900228
14987979566329888768
17582052946864635905
18230571291998322689
18392700878281744385
18433233274852599809
18443366373995313665
18445899648780992129
18446532967477411745
18446691297151516649
18446730879570042875
9223368738319898623
6917528203007362559
1729382050751840639
9655717549542735967
11637301424240459799
16744383411342278661
18021153908117733377
18340346532311597057
18420144688360062977
18440094227372179457
18445081612125208577
18446328458313465857
18446640169860530177
18446718097747296257
18446737579718987777
13835056431784522753
12682136144800906497
12393906073055002432
16933534573545914320
18068441698668642292
18352168479949324284
18423100175269494782
18440833099099537406
18445266330057048062
18446374637796425726
18446651714731270142
18446720983964981246
18446738301273409022
18446742630600515966
18446743712932292702
18446743983515236886
18446744051160972932
18446744068072406944
18446744072300265448
18446744073357230074
18446744073621471230
18446744073687531519
18446744073704046591
18446744073708175359
18446744073709207551
18446744073709465599
18446744073709530111
18446744073709546239
18446744073709550271
18446744073709551279
9223372036854775723
6917529027641081834
6341068275337658362
15420325124116578302
17690139336311308287
18257592889359990783
18399456277622161407
18434922124687704063
18443788586454089727
18446005201895686143
18446559355756085247
18446697894221185023
18446732528837459967
18446741187491528703
18446743352155045887
18446743893320925183
18446744028612395007
18446744062435262462
18446744070890979326
9223372036150132734
6917529027464921086
1729382256866230270
432345564216557566
108086391054139390
27021597763534846
6755399440883710
1688849860220926
422212465055230
105553116263806
9223398425133841758
11529221643138236246
12105677447639334868
3026419361909833716
756604840477458429
189151210119364607
9270659839384616959
11541036996700930047
16720317304457396223
18015137381396512767
18338842400631291903
18419768655439986687
18440000219142160383
18445058110067703807
18446322582799089663
18446638700981936127
18446717730527647743
18446737487914075647
18446742427260682623
18446743662097334367
18446743970806497303
18446744047983788037
18446744067278110721
18446744072101691393
18446744073307586561
18446744073609060353
18446744073684428801
18446744073703270913
18446744073707981441
18446744073709159073
18446744073709453481
13835058055282139179
3458764513820534795
864691128455133698
216172782113783424
54043195528445856
13510798882111464
4615063718147915770
14988823984819142654
17582264051486949375
18230624068153901055
18392714072320638975
18433236573362323455
18443367198622744575
18445899854937849855
18446533019016626175
18446691310036320255
18446730882791243775
9223368739125198847
6917528203208687615
1729382050802171903
9655717549555318783
11637301424243605502
16744383411343065086
18021153908117929982
18340346532311646206
18420144688360075262
18440094227372182526
18445081612125209342
18446328458313466046
18446640169860530222
18446718097747296266
18446737579718987778
13835056431784522752
3458764107946130688
864691026986532672
4827858775174021072
5818650712220893172
6066348696482611196
1516587174120652798
379146793530163198
94786698382540798
23696674595635198
5924168648908798
1481042162227198
370260540556798
92565135139198
23141283784798
5785320946198
1446330236548
361582559136
90395639784
22598909946
5649727486
1412431870
353107966
88276990
22069246
5517310
1379326
344830
86206
21550
9223372036854781194
11529215046068471107
16717361816799281489
18014398509481984085
18338657682652659732
18419722475945328644
18439988674268495872
18445055223849287681
18446321861244485633
18446638520593285121
18446717685430484993
18446737476639784961
18446742424442109953
18446743661392691201
18446743970630336513
18446744047939747841
