23
5
1
0
0
0
0
0
0
0
0
0
0
0
0
0
0
0
0
1
1
1
1
1
1
1
1
1
1
1
1
1
0
4611686018427387904
14987979559889010688
17582052945254416384
18230571291595767808
18392700878181105664
18433233274827440128
18443366373989023744
18445899648779419648
18446532967477018624
18446691297151418368
18446730879570018304
18446740775174668288
18446743249075830784
18446743867551121408
18446744022169944064
18446744060824649728
18446744070488326144
18446744072904245248
18446744073508225024
18446744073659219968
18446744073696968704
18446744073706405888
18446744073708765184
18446744073709355008
18446744073709502464
18446744073709539328
18446744073709548544
18446744073709550848
18446744073709551424
18446744073709551568
18446744073709551604
18446744073709551613
18446744073709551615
18446744073709551615
18446744073709551615
18446744073709551615
18446744073709551615
18446744073709551615
18446744073709551615
18446744073709551615
18446744073709551615
18446744073709551615
18446744073709551615
18446744073709551615
18446744073709551615
18446744073709551615
18446744073709551615
18446744073709551615
18446744073709551615
18446744073709551615
18446744073709551615
18446744073709551615
18446744073709551615
18446744073709551615
18446744073709551615
18446744073709551615
18446744073709551615
18446744073709551615
18446744073709551615
18446744073709551615
18446744073709551615
13835058055282163711
3458764513820540927
864691128455135231
216172782113783807
54043195528445951
13510798882111487
3377699720527871
844424930131967
211106232532991
52776558133247
13194139533311
3298534883327
824633720831
206158430207
51539607551
12884901886
3221225470
805306366
201326590
50331646
12582910
3145726
786430
196606
49150
12286
3070
766
190
46
9223372036854775818
11529215046068469763
16717361816799281153
18014398509481984001
18338657682652659713
18419722475945328641
18439988674268495873
18445055223849287681
18446321861244485633
18446638520593285121
18446717685430484993
18446737476639784961
18446742424442109953
9223371624537915393
6917528924561866753
1729382231140466689
432345557785116673
108086389446279169
27021597361569793
6755399340392449
1688849835098113
422212458774529
105553114693633
26388278673409
6597069668353
1649267417089
412316854273
103079213569
25769803393
6442450849
1610612713
402653179
100663295
25165822
6291454
1572862
393214
98302
24574
6142
1534
382
94
22
4
0
0
0
0
0
0
0
0
0
0
0
0
0
0
0
0
0
1
1
1
1
1
1
1
1
1
1
1
1
1
0
0
0
0
0
0
0
0
0
0
0
0
0
0
0
9223372036854775808
11529215046068469760
16717361816799281152
18014398509481984000
18338657682652659712
18419722475945328640
18439988674268495872
18445055223849287680
18446321861244485632
18446638520593285120
18446717685430484992
18446737476639784960
18446742424442109952
18446743661392691200
18446743970630336512
18446744047939747840
18446744067267100672
18446744072098938881
18446744073306898433
18446744073608888321
18446744073684385793
18446744073703260161
18446744073707978753
18446744073709158401
18446744073709453313
18446744073709527041
18446744073709545473
18446744073709550081
18446744073709551233
18446744073709551521
18446744073709551593
18446744073709551611
18446744073709551615
18446744073709551614
18446744073709551614
18446744073709551614
18446744073709551614
18446744073709551614
18446744073709551614
18446744073709551614
18446744073709551614
18446744073709551614
18446744073709551614
18446744073709551614
18446744073709551614
18446744073709551614
18446744073709551614
18446744073709551614
18446744073709551614
18446744073709551614
18446744073709551614
18446744073709551614
18446744073709551614
18446744073709551614
18446744073709551614
18446744073709551614
18446744073709551614
18446744073709551614
18446744073709551614
18446744073709551614
13835058055282163710
3458764513820540926
864691128455135231
216172782113783807
54043195528445951
13510798882111487
3377699720527871
844424930131967
211106232532991
52776558133247
13194139533311
3298534883327
824633720831
206158430207
51539607551
12884901887
3221225471
9223372037660082175
11529215046269796350
16717361816849612798
18014398509494566910
18338657682655805438
18419722475946115070
18439988674268692478
18445055223849336830
18446321861244497918
18446638520593288190
18446717685430485758
18446737476639785150
18446742424442109998
9223371624537915402
6917528924561866755
1729382231140466689
432345557785116673
108086389446279169
27021597361569793
6755399340392449
1688849835098113
422212458774529
105553114693633
26388278673409
6597069668353
1649267417089
412316854273
103079213569
25769803393
6442450849
1610612713
402653179
100663295
25165823
6291455
1572863
393215
98303
24575
6143
1535
383
95
23
5
9223372036854775809
11529215046068469760
16717361816799281152
18014398509481984000
18338657682652659712
18419722475945328640
18439988674268495872
18445055223849287680
18446321861244485632
18446638520593285120
18446717685430484992
18446737476639784960
18446742424442109952
18446743661392691200
18446743970630336512
18446744047939747840
18446744067267100672
18446744072098938881
18446744073306898433
18446744073608888321
18446744073684385793
18446744073703260161
18446744073707978753
18446744073709158401
18446744073709453313
18446744073709527041
18446744073709545473
18446744073709550081
18446744073709551233
18446744073709551521
18446744073709551592
18446744073709551610
18446744073709551614
18446744073709551615
18446744073709551615
18446744073709551615
18446744073709551615
18446744073709551615
18446744073709551615
18446744073709551615
18446744073709551615
18446744073709551615
18446744073709551615
18446744073709551615
18446744073709551615
9223372036854775807
6917529027641081855
1729382256910270463
432345564227567615
108086391056891903
27021597764222975
6755399441055743
1688849860263935
422212465065983
105553116266495
26388279066623
6597069766655
1649267441663
412316860415
103079215103
25769803775
9223372043297226751
11529215047679082494
16717361817201934334
18014398509582647294
18338657682677825534
18419722475951620094
18439988674270068734
18445055223849680894
18446321861244583934
18446638520593309694
18446717685430491134
18446737476639786494
18446742424442110334
18446743661392691294
18446743970630336534
18446744047939747844
18446744067267100672
18446744072098938880
18446744073306898432
18446744073608888320
18446744073684385792
18446744073703260160
18446744073707978752
18446744073709158400
18446744073709453312
18446744073709527040
18446744073709545472
18446744073709550080
18446744073709551232
18446744073709551520
18446744073709551592
13835058055282163706
3458764513820540926
864691128455135231
216172782113783807
54043195528445951
13510798882111487
3377699720527871
844424930131967
211106232532991
52776558133247
13194139533311
3298534883327
824633720831
206158430207
51539607551
12884901886
3221225470
805306366
201326590
50331646
12582910
3145726
786430
196606
49150
12286
3070
766
190
46
9223372036854775818
11529215046068469762
16717361816799281152
18014398509481984000
18338657682652659712
18419722475945328640
18439988674268495872
18445055223849287680
18446321861244485632
18446638520593285120
18446717685430484992
18446737476639784960
18446742424442109952
9223371624537915392
6917528924561866753
1729382231140466689
432345557785116673
108086389446279169
27021597361569793
6755399340392449
1688849835098113
422212458774529
105553114693633
26388278673409
6597069668353
1649267417089
412316854273
103079213569
25769803393
6442450849
1610612713
402653179
100663295
25165822
6291454
1572862
393214
98302
24574
6142
1534
382
94
22
4
9223372036854775808
11529215046068469760
16717361816799281152
18014398509481984000
18338657682652659712
18419722475945328640
18439988674268495872
18445055223849287680
18446321861244485632
18446638520593285120
18446717685430484992
18446737476639784960
18446742424442109952
18446743661392691200
18446743970630336512
13835058029512359936
3458764507378089984
864691126844522497
216172781711130625
54043195427782657
13510798856945665
3377699714236417
844424928559105
211106232139777
52776558034945
13194139508737
3298534877185
824633719297
206158429825
51539607457
12884901864
3221225466
805306366
201326590
50331646
12582910
3145726
786430
196606
49150
12286
3070
766
190
46
9223372036854775818
11529215046068469763
16717361816799281153
18014398509481984001
18338657682652659713
18419722475945328641
18439988674268495873
18445055223849287681
18446321861244485633
18446638520593285121
18446717685430484993
18446737476639784961
18446742424442109953
18446743661392691201
18446743970630336513
18446744047939747841
9223372030412324865
6917529026030469120
1729382256507617280
432345564126904320
108086391031726080
27021597757931520
6755399439482880
1688849859870720
422212464967680
105553116241920
26388279060480
6597069765120
1649267441280
9223372449171636128
11529215149147684840
16717361842569084922
18014398515924434942
18338657684263272447
18419722476347981823
18439988674369159167
18445055223874453503
18446321861250777087
18446638520594857983
18446717685430878207
18446737476639883263
18446742424442134527
18446743661392697343
18446743970630338047
18446744047939748223
18446744067267100767
18446744072098938903
18446744073306898437
18446744073608888321
18446744073684385793
18446744073703260161
18446744073707978753
18446744073709158401
18446744073709453313
18446744073709527041
18446744073709545473
18446744073709550081
18446744073709551233
18446744073709551521
18446744073709551593
13835058055282163707
3458764513820540927
864691128455135231
216172782113783807
54043195528445951
13510798882111487
3377699720527871
844424930131967
211106232532991
52776558133247
13194139533311
3298534883327
824633720831
206158430207
51539607551
12884901887
3221225471
9223372037660082175
11529215046269796351
16717361816849612799
18014398509494566911
18338657682655805439
18419722475946115071
18439988674268692479
18445055223849336831
18446321861244497919
18446638520593288191
18446717685430485759
18446737476639785151
18446742424442109999
9223371624537915403
6917528924561866755
6341068249567854593
15420325117674127361
17690139334700695553
18257592888957337601
18399456277521498113
18434922124662538241
18443788586447798273
18446005201894113281
18446559355755692033
18446697894221086721
18446732528837435393
18446741187491522561
18446743352155044353
18446743893320924801
18446744028612394913
18446744062435262441
18446744070890979323
18446744073004908543
18446744073533390847
18446744073665511423
18446744073698541567
18446744073706799103
18446744073708863487
18446744073709379583
18446744073709508607
18446744073709540863
18446744073709548927
18446744073709550943
18446744073709551447
18446744073709551573
9223372036854775797
6917529027641081853
1729382256910270463
432345564227567615
108086391056891903
27021597764222975
6755399441055743
1688849860263935
422212465065983
105553116266495
26388279066623
6597069766655
1649267441663
412316860415
103079215103
25769803775
6442450943
1610612734
402653182
100663294
25165822
6291454
1572862
393214
98302
24574
6142
1534
382
94
23
4611686018427387909
14987979559889010689
17582052945254416384
18230571291595767808
18392700878181105664
18433233274827440128
18443366373989023744
18445899648779419648
18446532967477018624
18446691297151418368
18446730879570018304
18446740775174668288
18446743249075830784
18446743867551121408
9223371985315168256
6917529014756179969
1729382253689044993
432345563422261249
108086390855565313
27021597713891329
6755399428472833
1688849857118209
422212464279553
105553116069889
26388279017473
6597069754369
1649267438593
412316859649
103079214913
25769803729
6442450933
1610612733
402653183
100663295
25165823
6291455
1572863
393215
98303
24575
6143
1535
383
9223372036854775903
11529215046068469783
16717361816799281157
18014398509481984001
18338657682652659713
18419722475945328641
18439988674268495873
18445055223849287681
18446321861244485633
18446638520593285121
18446717685430484993
18446737476639784961
18446742424442109953
18446743661392691201
18446743970630336513
18446744047939747841
18446744067267100673
18446744072098938881
13835058054879510529
3458764513719877633
864691128429969409
216172782107492353
54043195526873089
13510798881718273
3377699720429569
844424930107393
211106232526849
52776558131713
13194139532929
3298534883233
824633720809
206158430203
51539607551
12884901886
3221225470
805306366
201326590
50331646
12582910
3145726
786430
196606
49150
12286
3070
766
190
46
9223372036854775818
11529215046068469763
16717361816799281153
18014398509481984001
18338657682652659713
18419722475945328641
18439988674268495873
18445055223849287681
18446321861244485633
18446638520593285121
18446717685430484993
18446737476639784961
18446742424442109953
9223371624537915393
6917528924561866753
1729382231140466689
432345557785116673
108086389446279169
27021597361569793
6755399340392449
1688849835098113
422212458774529
105553114693633
26388278673409
6597069668353
1649267417089
412316854273
103079213569
25769803393
9223372043297226657
11529215047679082473
16717361817201934331
18014398509582647295
18338657682677825534
18419722475951620094
18439988674270068734
18445055223849680894
18446321861244583934
18446638520593309694
18446717685430491134
18446737476639786494
18446742424442110334
18446743661392691294
18446743970630336534
18446744047939747844
9223372030412324864
6917529026030469121
1729382256507617281
432345564126904321
108086391031726081
27021597757931521
6755399439482881
1688849859870721
422212464967681
105553116241921
26388279060481
6597069765121
1649267441281
412316860321
103079215081
4611686044197191675
14987979566331461631
17582052946865029119
18230571291998420991
18392700878281768959
18433233274852605951
18443366373995315199
18445899648780992511
18446532967477411839
18446691297151516671
18446730879570042879
18446740775174674431
18446743249075832319
18446743867551121791
18446744022169944159
18446744060824649750
18446744070488326148
18446744072904245248
18446744073508225024
18446744073659219968
18446744073696968704
18446744073706405888
18446744073708765184
18446744073709355008
18446744073709502464
18446744073709539328
18446744073709548544
18446744073709550848
18446744073709551424
13835058055282163664
12682136550675316724
12393906174523604988
16933534598913064958
18068441705010429950
18352168481534771198
18423100175665856510
18440833099198627838
18445266330081820670
18446374637802618878
18446651714732818430
18446720983965368318
18446738301273505790
18446742630600540158
18446743712932298750
18446743983515238398
18446744051160973310
18446744068072407038
18446744072300265470
18446744073357230078
18446744073621471230
18446744073687531518
18446744073704046590
18446744073708175358
18446744073709207550
18446744073709465598
18446744073709530110
18446744073709546238
18446744073709550270
18446744073709551278
18446744073709551530
18446744073709551595
18446744073709551611
18446744073709551615
18446744073709551614
18446744073709551614
18446744073709551614
18446744073709551614
18446744073709551614
18446744073709551614
18446744073709551614
18446744073709551614
18446744073709551614
18446744073709551614
18446744073709551614
18446744073709551614
18446744073709551614
18446744073709551614
18446744073709551614
18446744073709551614
18446744073709551614
18446744073709551614
18446744073709551614
18446744073709551614
18446744073709551614
18446744073709551614
18446744073709551614
18446744073709551614
18446744073709551614
18446744073709551614
18446744073709551614
13835058055282163710
12682136550675316734
12393906174523604991
16933534598913064959
18068441705010429951
18352168481534771199
18423100175665856511
18440833099198627839
18445266330081820671
18446374637802618879
18446651714732818431
18446720983965368319
18446738301273505791
18446742630600540159
18446743712932298751
18446743983515238399
18446744051160973311
9223372031217631231
6917529026231795710
1729382256557948926
432345564139487230
108086391034871806
27021597758717950
6755399439679486
1688849859919870
422212464979966
105553116244990
26388279061246
6597069765310
1649267441326
9223372449171636138
11529215149147684843
12105675824141697019
3026418956035424255
756604739008856062
189151184752214014
47287796188053502
11821949047013374
2955487261753342
738871815438334
184717953859582
46179488464894
11544872116222
2886218029054
721554507262
180388626814
9223372081951932510
11529215057342758934
16717361819617853444
18014398510186627072
18338657682828820480
18419722475989368832
18439988674279505920
18445055223852040192
18446321861245173760
18446638520593457152
18446717685430528000
18446737476639795712
18446742424442112640
18446743661392691872
18446743970630336680
18446744047939747882
18446744067267100682
18446744072098938883
18446744073306898433
18446744073608888321
18446744073684385793
18446744073703260161
18446744073707978753
18446744073709158401
18446744073709453313
18446744073709527041
18446744073709545473
18446744073709550081
18446744073709551233
18446744073709551521
18446744073709551593
18446744073709551611
18446744073709551615
18446744073709551614
18446744073709551614
18446744073709551614
