1
1
1
1
1
1
1
1
1
1
1
1
1
1
1
1
1
1
1
1
1
1
1
1
1
1
1
1
1
1
1
1
1
1
1
9223372036854775809
11529215046068469761
16717361816799281153
18014398509481984001
18338657682652659713
18419722475945328641
18439988674268495873
18445055223849287681
18446321861244485633
18446638520593285121
18446717685430484993
18446737476639784961
18446742424442109953
18446743661392691201
18446743970630336513
18446744047939747841
9223372030412324865
6917529026030469120
1729382256507617280
432345564126904320
108086391031726080
27021597757931520
6755399439482880
1688849859870720
422212464967680
105553116241920
26388279060480
6597069765120
1649267441280
412316860320
103079215080
4611686044197191674
14987979566331461630
17582052946865029119
18230571291998420991
18392700878281768959
18433233274852605951
18443366373995315199
18445899648780992511
18446532967477411839
18446691297151516671
18446730879570042879
18446740775174674431
18446743249075832319
18446743867551121791
18446744022169944159
18446744060824649751
18446744070488326149
18446744072904245249
18446744073508225025
18446744073659219969
18446744073696968705
18446744073706405889
18446744073708765185
18446744073709355009
18446744073709502465
18446744073709539329
18446744073709548545
18446744073709550849
18446744073709551425
18446744073709551569
18446744073709551605
18446744073709551613
18446744073709551615
18446744073709551615
18446744073709551615
18446744073709551615
18446744073709551615
18446744073709551615
18446744073709551615
18446744073709551615
18446744073709551615
18446744073709551615
18446744073709551615
18446744073709551615
18446744073709551615
18446744073709551615
18446744073709551615
18446744073709551614
18446744073709551614
18446744073709551614
18446744073709551614
18446744073709551614
18446744073709551614
18446744073709551614
18446744073709551614
18446744073709551614
18446744073709551614
18446744073709551614
18446744073709551614
18446744073709551614
18446744073709551614
18446744073709551614
18446744073709551614
18446744073709551614
18446744073709551614
18446744073709551614
18446744073709551614
18446744073709551614
18446744073709551614
18446744073709551614
18446744073709551614
18446744073709551614
18446744073709551614
18446744073709551614
18446744073709551614
18446744073709551614
18446744073709551614
18446744073709551614
18446744073709551614
18446744073709551614
18446744073709551614
18446744073709551614
18446744073709551614
18446744073709551614
18446744073709551614
18446744073709551614
18446744073709551614
18446744073709551614
18446744073709551614
18446744073709551614
18446744073709551614
9223372036854775806
6917529027641081854
1729382256910270462
432345564227567614
108086391056891902
27021597764222974
6755399441055742
1688849860263934
422212465065982
105553116266494
26388279066622
6597069766654
1649267441662
412316860414
103079215102
25769803774
6442450942
1610612734
402653182
100663294
25165822
6291454
1572862
393214
98302
24574
6142
1534
382
94
22
4611686018427387908
14987979559889010688
17582052945254416385
18230571291595767809
18392700878181105665
18433233274827440129
18443366373989023745
18445899648779419649
18446532967477018625
18446691297151418369
18446730879570018305
18446740775174668289
18446743249075830785
18446743867551121409
9223371985315168257
6917529014756179969
1729382253689044993
432345563422261249
108086390855565313
27021597713891329
6755399428472833
1688849857118209
422212464279553
105553116069889
26388279017473
6597069754369
1649267438593
412316859649
103079214913
25769803729
9223372043297226741
11529215047679082493
16717361817201934335
18014398509582647295
18338657682677825535
18419722475951620095
18439988674270068735
18445055223849680895
18446321861244583935
18446638520593309695
18446717685430491135
18446737476639786495
18446742424442110335
18446743661392691295
18446743970630336535
18446744047939747845
18446744067267100673
18446744072098938881
18446744073306898433
18446744073608888321
18446744073684385793
18446744073703260161
18446744073707978753
18446744073709158401
18446744073709453313
18446744073709527041
18446744073709545473
18446744073709550081
18446744073709551233
18446744073709551521
18446744073709551593
18446744073709551611
18446744073709551615
18446744073709551614
18446744073709551614
18446744073709551614
18446744073709551614
18446744073709551614
18446744073709551614
18446744073709551614
18446744073709551614
18446744073709551614
18446744073709551614
18446744073709551614
18446744073709551614
18446744073709551614
18446744073709551614
18446744073709551614
18446744073709551614
18446744073709551614
18446744073709551614
18446744073709551614
18446744073709551614
18446744073709551614
18446744073709551614
18446744073709551614
18446744073709551614
18446744073709551614
18446744073709551614
18446744073709551614
18446744073709551614
18446744073709551614
18446744073709551615
18446744073709551615
18446744073709551615
18446744073709551615
18446744073709551615
18446744073709551615
18446744073709551615
18446744073709551615
18446744073709551615
18446744073709551615
18446744073709551615
18446744073709551615
18446744073709551615
18446744073709551615
18446744073709551615
18446744073709551615
18446744073709551615
18446744073709551615
18446744073709551615
18446744073709551615
18446744073709551615
18446744073709551615
18446744073709551615
18446744073709551615
18446744073709551615
18446744073709551615
18446744073709551615
18446744073709551615
18446744073709551615
18446744073709551615
18446744073709551615
18446744073709551615
18446744073709551615
18446744073709551615
18446744073709551615
18446744073709551615
18446744073709551615
18446744073709551615
18446744073709551615
18446744073709551615
18446744073709551615
18446744073709551615
18446744073709551615
18446744073709551615
9223372036854775807
6917529027641081855
1729382256910270463
432345564227567615
108086391056891903
27021597764222975
6755399441055743
1688849860263935
422212465065983
105553116266495
26388279066623
6597069766655
1649267441663
412316860415
103079215103
4611686044197191679
14987979566331461631
17582052946865029119
18230571291998420991
18392700878281768959
18433233274852605951
18443366373995315199
18445899648780992511
18446532967477411839
18446691297151516671
18446730879570042879
18446740775174674431
18446743249075832319
18446743867551121791
18446744022169944159
18446744060824649751
18446744070488326149
18446744072904245249
18446744073508225025
18446744073659219969
18446744073696968705
18446744073706405889
18446744073708765185
18446744073709355009
18446744073709502465
18446744073709539329
18446744073709548545
18446744073709550849
18446744073709551425
18446744073709551569
18446744073709551605
18446744073709551612
18446744073709551614
18446744073709551614
18446744073709551614
18446744073709551614
18446744073709551614
18446744073709551614
18446744073709551614
18446744073709551614
18446744073709551614
18446744073709551614
18446744073709551614
18446744073709551614
18446744073709551614
18446744073709551614
9223372036854775806
6917529027641081854
1729382256910270462
432345564227567614
108086391056891902
27021597764222974
6755399441055742
1688849860263934
422212465065982
105553116266494
26388279066622
6597069766654
1649267441662
412316860414
103079215102
25769803774
6442450942
1610612734
402653182
100663294
25165822
6291454
1572862
393214
98302
24574
6142
1534
382
94
22
4
0
0
0
0
0
0
0
0
0
0
0
0
0
0
0
0
0
0
0
0
0
0
0
0
0
0
0
0
0
0
1
1
1
1
1
1
1
1
1
1
1
1
1
1
4611686018427387905
14987979559889010689
17582052945254416385
18230571291595767809
18392700878181105665
18433233274827440129
18443366373989023745
18445899648779419649
18446532967477018625
18446691297151418369
18446730879570018305
18446740775174668289
18446743249075830785
18446743867551121409
18446744022169944065
18446744060824649729
18446744070488326145
18446744072904245249
18446744073508225025
18446744073659219969
18446744073696968705
18446744073706405889
18446744073708765185
18446744073709355009
18446744073709502465
18446744073709539329
18446744073709548545
18446744073709550849
18446744073709551425
18446744073709551569
18446744073709551605
18446744073709551612
18446744073709551614
18446744073709551614
18446744073709551614
18446744073709551614
18446744073709551614
18446744073709551614
18446744073709551614
18446744073709551614
18446744073709551614
18446744073709551614
18446744073709551614
18446744073709551614
18446744073709551614
18446744073709551614
18446744073709551614
18446744073709551614
18446744073709551614
18446744073709551614
18446744073709551614
18446744073709551614
18446744073709551614
18446744073709551614
18446744073709551614
18446744073709551614
18446744073709551614
18446744073709551614
18446744073709551614
18446744073709551614
18446744073709551614
13835058055282163710
3458764513820540926
864691128455135230
216172782113783806
54043195528445950
13510798882111486
3377699720527870
844424930131966
211106232532990
52776558133246
13194139533310
3298534883326
824633720830
206158430206
51539607550
12884901887
3221225471
805306367
201326591
50331647
12582911
3145727
786431
196607
49151
12287
3071
767
191
47
9223372036854775819
11529215046068469762
16717361816799281152
18014398509481984000
18338657682652659712
18419722475945328640
18439988674268495872
18445055223849287680
18446321861244485632
18446638520593285120
18446717685430484992
18446737476639784960
18446742424442109952
18446743661392691200
18446743970630336512
18446744047939747840
18446744067267100672
18446744072098938880
18446744073306898432
18446744073608888320
18446744073684385792
18446744073703260160
18446744073707978752
18446744073709158400
18446744073709453312
18446744073709527040
18446744073709545472
18446744073709550080
18446744073709551232
18446744073709551520
18446744073709551592
18446744073709551610
18446744073709551614
18446744073709551615
18446744073709551615
18446744073709551615
18446744073709551615
18446744073709551615
18446744073709551615
18446744073709551615
18446744073709551615
18446744073709551615
18446744073709551615
18446744073709551615
18446744073709551615
18446744073709551615
18446744073709551615
18446744073709551615
18446744073709551615
18446744073709551615
18446744073709551615
18446744073709551615
18446744073709551615
18446744073709551615
18446744073709551615
18446744073709551615
18446744073709551615
18446744073709551615
18446744073709551615
18446744073709551615
18446744073709551615
18446744073709551615
18446744073709551614
18446744073709551614
18446744073709551614
18446744073709551614
18446744073709551614
18446744073709551614
18446744073709551614
18446744073709551614
18446744073709551614
18446744073709551614
18446744073709551614
18446744073709551614
18446744073709551614
18446744073709551614
18446744073709551614
18446744073709551614
18446744073709551614
18446744073709551614
18446744073709551614
18446744073709551614
18446744073709551614
18446744073709551614
18446744073709551614
18446744073709551614
18446744073709551614
18446744073709551614
18446744073709551614
18446744073709551614
9223372036854775806
6917529027641081854
1729382256910270462
432345564227567614
108086391056891902
27021597764222974
6755399441055742
1688849860263934
422212465065982
105553116266494
26388279066622
6597069766654
1649267441662
412316860414
103079215102
25769803774
6442450942
1610612735
402653183
100663295
25165823
6291455
1572863
393215
98303
24575
6143
1535
383
95
23
5
1
0
0
0
0
0
0
0
0
0
0
0
0
0
0
0
0
0
0
0
0
0
0
0
0
0
0
0
0
0
1
1
1
1
1
1
1
1
1
1
1
1
1
1
1
9223372036854775809
11529215046068469760
16717361816799281152
18014398509481984000
18338657682652659712
18419722475945328640
18439988674268495872
18445055223849287680
18446321861244485632
18446638520593285120
18446717685430484992
18446737476639784960
18446742424442109952
18446743661392691200
18446743970630336512
18446744047939747840
18446744067267100672
18446744072098938880
18446744073306898432
18446744073608888320
18446744073684385792
18446744073703260160
18446744073707978752
18446744073709158400
18446744073709453312
18446744073709527040
18446744073709545472
18446744073709550080
18446744073709551232
18446744073709551520
18446744073709551592
18446744073709551610
18446744073709551614
18446744073709551614
18446744073709551614
18446744073709551614
18446744073709551614
18446744073709551614
18446744073709551614
18446744073709551614
18446744073709551614
18446744073709551614
18446744073709551614
18446744073709551614
18446744073709551614
9223372036854775806
6917529027641081854
1729382256910270462
432345564227567614
108086391056891902
27021597764222974
6755399441055742
1688849860263934
422212465065982
105553116266494
26388279066622
6597069766654
1649267441662
412316860414
103079215102
25769803774
6442450942
1610612735
402653183
100663295
25165823
6291455
1572863
393215
98303
24575
6143
1535
383
95
23
5
1
0
0
0
0
0
0
0
0
0
0
0
0
9223372036854775808
11529215046068469760
16717361816799281152
18014398509481984000
18338657682652659712
18419722475945328640
18439988674268495872
18445055223849287680
18446321861244485632
18446638520593285120
18446717685430484992
18446737476639784960
18446742424442109952
18446743661392691200
18446743970630336512
18446744047939747840
9223372030412324864
6917529026030469121
1729382256507617281
432345564126904321
108086391031726081
27021597757931521
6755399439482881
1688849859870721
422212464967681
105553116241921
26388279060481
6597069765121
1649267441281
412316860321
103079215081
25769803771
6442450943
1610612735
402653183
100663295
25165823
6291455
1572863
393215
98303
24575
6143
1535
383
95
23
4611686018427387909
14987979559889010689
17582052945254416384
18230571291595767808
18392700878181105664
18433233274827440128
18443366373989023744
18445899648779419648
18446532967477018624
18446691297151418368
18446730879570018304
18446740775174668288
18446743249075830784
18446743867551121408
18446744022169944064
18446744060824649729
18446744070488326145
18446744072904245249
18446744073508225025
18446744073659219969
18446744073696968705
18446744073706405889
18446744073708765185
18446744073709355009
18446744073709502465
18446744073709539329
18446744073709548545
18446744073709550849
18446744073709551425
18446744073709551569
9223372036854775797
6917529027641081853
1729382256910270463
432345564227567615
108086391056891903
27021597764222975
6755399441055743
1688849860263935
422212465065983
105553116266495
26388279066623
6597069766655
1649267441663
412316860415
103079215103
25769803775
6442450943
1610612735
402653183
100663295
25165823
6291455
1572863
393215
98303
24575
6143
1535
383
95
23
5
1
0
0
0
0
0
0
0
0
0
0
0
0
9223372036854775808
11529215046068469760
16717361816799281152
18014398509481984000
18338657682652659712
18419722475945328640
18439988674268495872
18445055223849287680
18446321861244485632
18446638520593285120
18446717685430484992
18446737476639784960
18446742424442109952
18446743661392691200
18446743970630336512
13835058029512359936
3458764507378089984
864691126844522497
216172781711130625
54043195427782657
13510798856945665
3377699714236417
844424928559105
211106232139777
52776558034945
13194139508737
3298534877185
824633719297
206158429825
51539607457
12884901865
3221225467
805306367
201326591
50331647
12582911
3145727
786431
196607
49151
12287
3071
767
191
47
9223372036854775819
11529215046068469762
16717361816799281152
18014398509481984000
18338657682652659712
18419722475945328640
18439988674268495872
18445055223849287680
18446321861244485632
18446638520593285120
18446717685430484992
18446737476639784960
18446742424442109952
18446743661392691200
18446743970630336512
18446744047939747840
9223372030412324864
6917529026030469121
1729382256507617281
432345564126904321
108086391031726081
27021597757931521
6755399439482881
1688849859870721
422212464967681
105553116241921
26388279060481
6597069765121
1649267441281
412316860321
103079215081
25769803771
6442450943
1610612734
402653182
100663294
25165822
6291454
1572862
393214
98302
24574
6142
1534
382
94
22
4
