6341068275337655300
15420325124116577536
17690139336311308097
18257592889359990737
9176084240767385589
6905707078619234300
1726426769654808574
431606692413702142
107901673103425534
26975418275856382
6743854568964094
1685963642241022
421490910560254
105372727640062
26343181910014
6585795477503
1646448869375
411612217343
102903054335
25725763583
9223372043286216703
11529215047676329982
16717361817201246206
18014398509582475262
18338657682677782526
18419722475951609342
18439988674270066046
18445055223849680222
18446321861244583766
13834952502165921748
3458738125541480436
864684531385370109
216171132846342527
9277414820066361439
11542725741871366167
16720739490750005253
18015242927969665025
18338868787274579968
18419775252100808704
18440001868307365888
18445058522359005184
18446322685871915008
18446638726750142464
18446717736969699328
18446737489524588544
18446742427663310848
18446743662197991424
18446743970831661568
18446744047990079104
18446744067279683488
18446744072102084584
18446744073307684858
18446744073609084926
18446744073684434942
18446744073703272446
18446744073707981822
18446744073709159166
18446744073709453502
18446744073709527086
18446744073709545482
18446744073709550082
18446744073709551232
18446744073709551520
18446744073709551592
13835058055282163706
3458764513820540926
864691128455135230
216172782113783806
54043195528445950
13510798882111486
3377699720527870
844424930131966
211106232532990
52776558133246
13194139533310
9223375335389659134
11529215870702190590
16717362022957711358
18014398561021591550
18338657695537561598
18419722479166554110
9216616638219026430
6915840177982144510
1728960044495536126
432240011123884030
108060002780971006
27015000695242750
6753750173810686
1688437543452670
422109385863166
4611791545773853694
14988005941725627134
17582059540713570494
18230572940460556334
9169329253542526986
6904018331813019650
6337690601380642816
15419480705627324416
17689928231688994816
18257540113204412416
18399443083583266816
18434918826177980416
18443787761826658816
18446004995738828416
18446559304216870816
18446697881336381416
18446732525616259066
18446741186686228478
18446743351953720830
18446743893270593918
18446744028599812190
18446744062432116758
18446744070890192900
18446744073004711936
18446744073533341696
18446744073665499136
18446744073698538496
18446744073706798336
18446744073708863296
18446744073709379536
9223372036854732788
6917529027641071101
1729382256910267775
432345564227566943
108086391056891735
27021597764222933
9230127436295831541
11530903895928733693
16717784029264347135
18014504062598250495
18338684070931726335
18419729073015095295
18439990323535937535
18445055636166148095
18446321964323700735
18446638546363088895
9223345655018160127
6917522432181927934
1729380608045481982
432345152011370494
108086288002842622
27021572000710654
6755393000177662
1688848250044415
422212062511103
105553015627775
26388253906943
6597063476735
1649265869183
412316467295
103079116823
25769779205
6442444801
1610611200
402652800
100663200
25165801
4611686018433679355
14987979559890583551
17582052945254809598
18230571291595866110
18392700878181130238
18433233274827446270
18443366373989025278
18445899648779420030
9223160930622242910
6917476251082948631
1729369062770737157
432342265692684289
108085566423171073
27021391605792769
9230127384756224001
11530903883043831808
16717784026043121664
18014504061792944128
18338684070730399744
18419729072964763648
18439990323523354624
18445055636163002368
18446321964322914304
18446638546362892288
18446717691872886784
18446737478250385409
18446742424844760065
18446743661493353729
18446743970655502145
18446744047946039249
18446744067268673525
18446744072099332093
18446744073306996735
18446744073608912895
18446744073684391935
18446744073703261695
18446744073707979135
18446744073709158495
18446744073709453335
18446744073709527045
18446744073709545473
18446744073709550081
18446744073709551233
9223372036854775713
6917529027641081833
1729382256910270459
432345564227567615
108086391056891903
27021597764222975
6755399441055743
1688849860263935
422212465065983
105553116266495
26388279066623
6597069766655
4611687667694829567
14987979972205871103
17582053048333631487
18230571317365571583
18392700884623556607
18433233276438052863
13831680355964289023
3457920088991072255
864480022247768063
216120005561942015
54030001390485503
13507500347621375
3376875086905343
844218771726335
211054692931583
52763673232895
13190918308223
3297729577055
824432394263
206108098565
51527024641
12881756160
3220439040
805109760
201277440
50319360
12579840
3144960
786240
196560
9223372036854824948
11529215046068482045
16717361816799284223
18014398509481984767
18338657682652659903
18419722475945328687
9216616637413720075
6915840177780817922
1728960044445204480
432240011111301120
108060002777825280
27015000694456320
6753750173614080
1688437543403520
422109385850880
105527346462720
26381836615680
6595459153920
1648864788480
9223372449070972928
11529215149122519040
16717361842562793472
18014398515922862080
18338657684262879232
18419722476347883520
18439988674369134592
18445055223874447360
18446321861250775552
18446638520594857600
9223345648576102304
6917522430571413480
6341066626070241274
15420324711799724030
17690139233232094719
18257592863590187391
9176084234324934751
6905707077008621591
1726426769252155397
431606692313038849
107901673078259712
26975418269564928
6743854567391232
1685963641847808
421490910461952
105372727615488
9223398380036679680
11529221631863945729
16717363463248150145
18014398921094201249
18338657785555714025
18419722501671092219
9216616643845160959
6915840179388678142
1728960044847169534
432240011211792382
108060002802948094
27015000700737022
6753750175184254
1688437543796062
422109385949014
4611791545773875156
14988005941725632500
17582059540713571837
18230572940460556671
18392701290397302879
18433233377881489431
13831680381325148165
3457920095331287041
864480023832821761
216120005958205441
54030001489551361
13507500372387841
3376875093096961
844218773274241
211054693318561
52763673329641
13190918332411
3297729583103
824432395775
206108098943
51527024735
12881756182
3220439044
805109760
201277440
50319360
12579840
3144960
786240
196560
49140
12284
3070
766
190
4611686018427387950
5764607523034234890
6052837899185946626
1513209474796486656
378302368699121664
94575592174780416
23643898043695104
5910974510923776
1477743627730944
369435906932736
92358976733184
23089744183296
5772436045825
1443109011457
360777252865
90194313217
22548578305
5637144577
1409286145
352321537
88080385
22020097
5505025
1376257
344065
86017
21505
5377
1345
337
85
20
4
0
1
1
1
1
1
1
1
1
1
1
1
1
1
1
1
1
1
1
1
1
1
1
9223372036854775809
11529215046068469761
16717361816799281153
18014398509481984001
18338657682652659713
13808036457517940737
12675381151234260993
12392217324663341056
16933112386447998976
18068336151894163456
18352142093255704576
18423093578596089856
18440831449931186176
18445265917764960256
18446374534723403776
18446651688963014656
9223348940668141568
6917523253594423297
1729380813398605825
432345203349651457
108086300837412865
27021575209353217
9230127430657114113
11530903894519054336
16717784028911927296
18014504062510145536
18338684070909700096
18419729073009588736
18439990323534560896
18445055636165803936
18446321964323614696
13834952527935679482
3458738131983919870
864684532995979967
216171133248994991
9277414820167024555
11542725741896531946
12109053472328908794
3027263368082227198
756815842020556799
189203960505139199
47300990126284799
11825247531571199
2956311882892799
739077970723199
9223556806347456607
11529261238441639959
16717373364892573701
18014401396505307137
18338658404408490497
18419722656384286337
9216616682523459489
6915840189058252777
1728960047264563195
432240011816140799
108060002954035199
27015000738508799
6753750184627199
1688437546156799
422109386539199
105527346634799
9223398418691434507
11529221641527634435
16717363465664072321
18014398921698181793
18338657785706709161
18419722501708841003
18439988680709373963
18445055225459507202
18446321861647040512
18446638520693923840
18446717685455644672
18446737476646074880
18446742424443682432
18446743661393084320
18446743970630434792
18446744047939772410
18446744067267106814
18446744072098940414
18446744073306898814
18446744073608888414
18446744073684385814
18446744073703260164
18446744073707978752
18446744073709158401
18446744073709453313
18446744073709527041
18446744073709545473
18446744073709550081
18446744073709551233
18446744073709551521
18446744073709551593
18446744073709551611
18446744073709551615
18446744073709551614
18446744073709551614
18446744073709551614
18446744073709551615
18446744073709551615
18446744073709551615
18446744073709551615
18446744073709551615
18446744073709551615
18446744073709551615
18446744073709551615
18446744073709551615
18446744073709551615
18446744073709551615
18446744073709551615
18446744073709551615
18446744073709551615
18446744073709551615
9223372036854775807
6917529027641081855
1729382256910270463
432345564227567615
108086391056891903
27021597764222975
6755399441055743
1688849860263935
422212465065983
105553116266495
9223398425133842431
11529221643138236414
16717363466066722814
18014398921798844414
18338657785731874814
18419722501715132414
9216616643856171006
6915840179391430654
1728960044847857662
432240011211964414
108060002802991102
27015000700747774
6753750175186942
1688437543796734
422109385949182
105527346487294
26381836621822
6595459155454
1648864788862
412216197214
103054049303
25763512325
6440878081
1610219521
402554881
100638721
25159681
6289921
1572481
393121
98281
4611686018427412475
14987979559889016831
17582052945254417918
18230571291595768190
18392700878181105758
18433233274827440150
13831680355561635844
3457920088890408960
864480022222602241
216120005555650561
54030001388912641
13507500347228161
3376875086807041
844218771701761
9223583091547701249
11529267809741701121
16717375007717588993
18014401807211560961
18338658507085053953
18419722682053427201
9216616688940744705
6915840190662574080
1728960047665643520
432240011916410880
108060002979102720
27015000744775680
6753750186193920
1688437546548480
422109386637120
4611791545774047184
14988005941725675508
17582059540713582588
18230572940460559358
18392701290397303550
18433233377881489598
13831680381325148206
12681292132186062858
12393695069901291522
16933481822757486592
18068428510971535360
18352165183025047552
18423099351038425600
18440832893041770112
18445266278542606240
18446374624917815272
18446651711511617530
18446720983160068094
18446738301072180734
18446742630550208894
9223371676064940126
6917528937443622935
1729382234360905733
432345558590226433
108086389647556609
27021597411889153
6755399352972289
1688849838243073
422212459560769
105553114890193
26388278722549
6597069680636
1649267420158
412316855038
103079213758
25769803438
6442450858
1610612715
402653179
100663295
25165822
6291454
1572862
393214
98302
24574
9223372036854781950
11529215046068471294
16717361816799281534
18014398509481984094
18338657682652659734
18419722475945328644
18439988674268495872
18445055223849287680
18446321861244485632
18446638520593285120
18446717685430484992
18446737476639784960
18446742424442109952
18446743661392691200
18446743970630336512
18446744047939747840
18446744067267100672
18446744072098938880
18446744073306898432
9223372036754112512
6917529027615916032
6341068275331366912
15420325124115005440
17690139336310915073
18257592889359892481
18399456277622136833
18434922124687697921
18443788586454088193
18446005201895685761
18446559355756085153
18446697894221185001
18446732528837459963
18446741187491528703
18446743352155045887
18446743893320925183
18446744028612395007
18446744062435262462
18446744070890979326
18446744073004908542
18446744073533390846
18446744073665511422
18446744073698541566
18446744073706799102
18446744073708863486
18446744073709379582
18446744073709508606
18446744073709540862
18446744073709548926
18446744073709550942
18446744073709551446
18446744073709551572
9223372036854775796
6917529027641081852
1729382256910270462
432345564227567614
108086391056891902
27021597764222974
6755399441055742
1688849860263934
422212465065982
105553116266494
9223398425133842430
11529221643138236415
16717363466066722815
18014398921798844415
18338657785731874815
18419722501715132415
9216616643856171007
6915840179391430655
1728960044847857663
432240011211964415
108060002802991103
27015000700747775
6753750175186943
1688437543796735
422109385949183
4611791545773875199
14988005941725632511
17582059540713571839
18230572940460556671
9169329253542527071
6904018331813019670
6337690601380642820
15419480705627324416
17689928231688994817
18257540113204412417
18399443083583266817
18434918826177980417
18443787761826658817
18446004995738828417
18446559304216870817
18446697881336381417
18446732525616259067
18446741186686228479
18446743351953720831
18446743893270593919
18446744028599812191
18446744062432116759
18446744070890192901
18446744073004711937
18446744073533341697
18446744073665499137
18446744073698538497
18446744073706798337
18446744073708863297
18446744073709379537
18446744073709508597
18446744073709540860
18446744073709548926
18446744073709550942
18446744073709551446
13835058055282163668
3458764513820540916
864691128455135229
216172782113783807
54043195528445951
13510798882111487
3377699720527871
844424930131967
211106232532991
52776558133247
13194139533311
3298534883327
824633720831
206158430207
51539607551
12884901887
3221225471
9223372037660082175
11529215046269796351
16717361816849612799
18014398509494566911
18338657682655805439
18419722475946115071
18439988674268692479
18445055223849336831
18446321861244497919
13834952502165900287
3458738125541475071
864684531385368767
216171132846342191
9277414820066361355
11542725741871366147
16720739490750005249
18015242927969665025
18338868787274579969
18419775252100808705
18440001868307365889
18445058522359005185
18446322685871915009
18446638726750142465
18446717736969699329
18446737489524588544
18446742427663310848
18446743662197991424
18446743970831661568
18446744047990079104
18446744067279683488
18446744072102084585
18446744073307684859
18446744073609084927
18446744073684434943
18446744073703272447
18446744073707981823
18446744073709159167
18446744073709453503
18446744073709527087
9223372036854769675
6917529027641080322
1729382256910270080
432345564227567520
108086391056891880
27021597764222970
6755399441055742
1688849860263935
422212465065983
105553116266495
26388279066623
6597069766655
1649267441663
412316860415
103079215103
25769803775
6442450943
1610612735
402653183
9223372036955439103
11529215046093635583
16717361816805572607
18014398509483556863
18338657682653052926
18419722475945426942
18439988674268520446
18445055223849293822
18446321861244487166
18446638520593285502
18446717685430485086
18446737476639784982
13835056406014722052
3458764101503680512
864691025375920129
216172756343980033
54043189085995009
13510797271498752
4615063717745262592
14988823984718479360
17582264051461783552
18230624068147609600
18392714072319066112
18433236573361930240
18443367198622646272
18445899854937825280
18446533019016620032
18446691310036318720
18446730882791243392
18446740775979974560
18446743249277157352
18446743867601453050
9223371985327751166
6917529014759325695
1729382253689831423
432345563422457855
108086390855614463
27021597713903615
6755399428475903
1688849857118975
422212464279743
105553116069935
26388279017483
6597069754371
1649267438593
412316859649
103079214913
25769803729
6442450933
1610612732
402653182
100663294
25165822
6291454
1572862
393214
98302
24574
6142
1534
382
9223372036854775902
11529215046068469783
16717361816799281157
18014398509481984001
18338657682652659713
18419722475945328641
18439988674268495873
18445055223849287681
18446321861244485633
18446638520593285121
9223345648575709185
6917522430571315201
1729380607642828801
432345151910707201
108086287977676801
27021571994419201
9230127429853380609
11530903894318120961
12106098010434306049
3026524502608576513
756631125652144129
189157781413036033
47289445353259009
11822361338314753
2955590334578689
738897583644673
184724395911169
46181098977792
11545274744448
2886318686112
721579671528
180394917882
45098729470
11274682366
2818670590
704667646
176166910
44041726
11010430
2752606
688150
172036
43008
10753
2689
673
169
43
9223372036854775819
11529215046068469763
16717361816799281153
18014398509481984001
18338657682652659713
18419722475945328641
18439988674268495873
18445055223849287681
18446321861244485633
18446638520593285121
18446717685430484993
18446737476639784961
18446742424442109953
9223371624537915393
6917528924561866753
1729382231140466689
432345557785116673
108086389446279169
27021597361569793
6755399340392449
1688849835098113
422212458774529
105553114693633
26388278673409
6597069668352
1649267417088
412316854272
103079213568
4611686044197191296
5764607529476685728
6052837900796559337
1513209475199139835
378302368799784959
94575592199946238
23643898049986558
5910974512496638
1477743628124158
369435907031038
92358976757758
9223395126598965246
11529220818504517119
16717363259908292991
18014398870259236959
18338657772846972951
18419722498493906949
18439988679905640449
18445055225258573825
18446321861596807169
18446638520681365505
18446717685452505089
18446737476645289985
18446742424443486209
18446743661393035265
18446743970630422529
18446744047939769345
18446744067267106049
18446744072098940225
18446744073306898769
9223372036754112597
6917529027615916052
6341068275331366916
15420325124115005440
17690139336310915072
18257592889359892480
18399456277622136832
18434922124687697920
18443788586454088192
18446005201895685760
18446559355756085152
18446697894221185000
18446732528837459962
18446741187491528702
18446743352155045886
18446743893320925182
18446744028612395006
18446744062435262463
18446744070890979327
18446744073004908543
18446744073533390847
18446744073665511423
18446744073698541567
18446744073706799103
18446744073708863487
18446744073709379583
9223372036854732799
6917529027641071103
1729382256910267775
432345564227566943
108086391056891735
4638707616191610837
14994734959330066421
17583741795114680316
18230993504060833790
18392806431297372158
18433259663106506750
18443372971058790398
18445901298046861310
18446533379793879038
18446691400230633470
18446730905339822078
18446740781617119230
18446743250686443518
18446743867953774590
18446744022270607358
18446744060849815550
18446744070494617598
18446744072905818110
18446744073508618239
