13835057230648442884
3458764307662110720
864691076915527680
216172769228881920
54043192307220480
9236882834931580928
11532592745587671040
16718206241679081472
18014609615701934080
18338710459207647232
18419735670084075520
18439991972803182592
18445056048482959360
18446322067402903552
18446638572132889600
18446717698315386112
18446737479861010240
18446742425247416272
9223371624739241972
6917528924612198396
1729382231153049598
9655717594643038206
11637301435515535358
16744383414161047550
18021153908822425598
18340346532487770110
18420144688404106238
9216722190528414462
6915866566059491518
1728966641514872878
432241660378718218
108060415094679554
27015103773669888
6753775943417472
1688443985854368
422110996463592
105527749115898
9223398418792054782
11529221641552789503
16717363465670361087
18014398921699753983
18338657785707102207
18419722501708939263
18439988680709398527
18445055225459513343
18446321861647042047
18446638520693924223
18446717685455644766
18446737476646074902
18446742424443682436
18446743661393084320
18446743970630434793
13835058029512384507
3458764507378096127
864691126844524030
216172781711131006
54043195427782750
13510798856945686
4615063718141624324
14988823984817569792
17582264051486556161
18230624068153802753
18392714072320614401
9209864536507541505
6914152152554273281
1728538038138568321
432134509534642081
108033627383660520
27008406845915130
6752101711478782
1688025427869694
422006356967422
105501589241854
26375397310462
6593849327614
9223373685317107710
11529215458184052734
16717361919828176894
18014398535239207934
18338657689091965694
18419722477555155135
13828302656243564591
12680447700915666955
12393483962083692547
16933429045803086849
18068415316732935425
18352161884465397569
18423098526398513105
18440832686881791989
18445266227002611709
18446374612032816639
18446651708290367871
18446720982354755679
18446738300870852631
18446742630499876869
18446743712907132929
18446743983508946945
18446744051159400449
18446744068072013825
18446744072300167169
18446744073357205505
18446744073621465089
18446744073687529985
18446744073704046209
18446744073708175265
18446744073709207529
18446744073709465595
9223372036854754303
6917529027641076478
1729382256910269118
432345564227567278
108086391056891818
27021597764222955
6755399441055739
1688849860263935
422212465065982
105553116266494
26388279066622
6597069766654
1649267441662
412316860414
103079215102
25769803774
6442450942
9223372038465388542
11529215046471122943
16717361816899944447
18014398509507149823
18338657682658951167
18419722475946901503
18439988674268889087
18445055223849385983
18446321861244510207
18446638520593291263
18446717685430486527
18446737476639785343
9223370387587334239
6917528615324221462
1729382153831055364
432345538457763840
108086384614440960
27021596153610240
4618441417465790464
5766296372793835520
6053260111625846785
1513315027906461697
378328756976615425
94582189244153857
23645547311038465
5911386827759617
1477846706939905
369461676734977
9223464402273959553
11529238137423265697
16717367589637980137
18014399952691658747
18338658043455078399
18419722566145933311
18439988696818647039
18445055229486825471
18446321862653870079
18446638520945631231
18446717685518571519
18446737476661806591
18446742424447615359
18446743661394067551
18446743970630680599
18446744047939833861
18446744067267122177
18446744072098944256
18446744073306899776
18446744073608888656
9223372036829610068
6917529027634790421
6341068275336085509
15420325124116185089
17690139336311209984
18257592889359966208
18399456277622155264
18434922124687702528
18443788586454089344
18446005201895686048
18446559355756085224
18446697894221185018
18446732528837459966
9223369150636752895
6917528306086576127
1729382076521644031
9655717555985186815
11637301425851072511
16744383411744931839
18021153908218396671
18340346532336762879
18420144688366354431
9216722190518976511
6915866566057132031
1728966641514283007
432241660378570751
108060415094642687
27015103773660671
4618439794370803071
14989668003874864479
17582475056250879831
18230676819344883669
18392727260118384629
18433239870311759868
18443368022860103678
18445900060997189630
18446533070531461118
18446691322915028990
18446730886010920958
18446740776784893950
13835057231050999294
12682136344617525630
12393906123009157215
16933534586034453015
18068441701790776965
18352168480729857953
18423100175464628201
18440833099148320763
18445266330069243903
18446374637799474687
18446651714732032383
18446720983965171807
18446738301273456663
18446742630600527877
18446743712932295681
18446743983515237633
18446744051160973121
18446744068072406993
9223372035445489653
6917529027288760316
1729382256822190078
432345564205547518
108086391051386879
27021597762846719
6755399440711679
1688849860177919
422212465044479
105553116261119
26388279065279
6597069766319
9223373686122217387
11529215458385330154
12105675901451108346
3026418975362777086
756604743840694271
189151185960173566
47287796490043390
9235193985977286654
11532170533349097470
16718100688619438078
18014583227437023230
18338703862141419518
18419734020817518590
18439991560486543358
18445055945403799550
18446322041633113598
18446638565690442110
18446717696704774238
18446737479458357270
13835056406719365124
3458764101679841280
864691025419960321
216172756354990081
54043189088747521
13510797272186881
3377699318046721
844424829511681
211106207377921
52776551844481
13194137961121
3298534490281
4611686843061010475
5764607729192640523
6052837950725548034
1513209487681387008
378302371920346752
94575592980086688
23643898245021673
5910974561255419
1477743640313855
369435910078463
92358977519615
23089744379903
5772436094975
1443109023743
360777255935
90194313983
22548578495
5637144623
1409286155
352321539
88080385
22020097
5505025
1376257
344065
86017
21505
5377
1345
337
85
21
5
1
0
0
0
9223372036854775808
11529215046068469761
16717361816799281153
18014398509481984001
18338657682652659713
18419722475945328641
18439988674268495873
18445055223849287681
18446321861244485633
9223266483738509313
6917502639362015233
1729375659840503809
5044029933387513857
15096065538629042177
17609074439939424257
13625640646839631873
3406410161709907969
851602540427476993
212900635106869249
53225158776717313
13306289694179329
4615012590850932737
14988811202994896897
17582260856030887937
18230623269289885697
18392713872604635137
18433236523433322496
18443367186140494336
18445899851817287296
9223160981381709728
6917476263772815337
1729369065943203835
432342266485800959
108085566621450239
27021391655362559
6755347913840639
1688836978460159
422209244615039
105552311153759
26388077788439
6597019447109
1649254861777
9223372449168491253
11529215149146898620
16717361842568888366
18014398515924385802
18338657684263260163
18419722476347978753
18439988674369158401
18445055223874453313
18446321861250777041
18446638520594857973
18446717685430878204
18446737476639883262
18446742424442134526
18446743661392697342
18446743970630338046
18446744047939748222
18446744067267100766
18446744072098938902
18446744073306898436
18446744073608888320
18446744073684385792
18446744073703260160
18446744073707978752
18446744073709158400
18446744073709453312
18446744073709527040
18446744073709545472
18446744073709550080
9223372036854775424
6917529027641081761
1729382256910270441
432345564227567611
9331458427911667711
11556236643832692734
12112431197812948990
3028107799453237246
757026949863309310
189256737465827326
47314184366456830
11828546091614206
2957136522903550
739284130725886
184821032681470
46205258170366
11551314542590
9223374924683411454
11529215768025628671
16717361997288570879
18014398554604306431
18338657693933240318
18419722478765473790
18439988674973532158
18445055224025546750
18446321861288550398
18446638520604301310
18446717685433239038
18446737476640473470
9223370387587506270
6917528615324264471
1729382153831066117
432345538457766529
108086384614441633
27021596153610408
6755399038402602
9225060886614376458
11529637258508369922
16717467369909256192
18014424897759477760
18338664279722033152
18419724125212672000
18439989086585331712
18445055326928496640
18446321887014287872
18446638527035735680
18446717687041097632
18446737477042438120
18446742424542773242
18446743661417857022
18446743970636627966
18446744047941320702
18446744067267493886
18446744072099037182
18446744073306923006
18446744073608894462
18446744073684387326
18446744073703260542
18446744073707978846
18446744073709158422
18446744073709453316
9223372036854751232
6917529027641075712
1729382256910268928
432345564227567232
9331458427911667616
11556236643832692713
12112431197812948987
3028107799453237247
757026949863309310
189256737465827326
47314184366456830
11828546091614206
2957136522903550
739284130725886
184821032681470
4611732223685558270
14987991111203553278
17582055833083052030
18230572013552926718
18392701058670395390
18433233319949762558
18443366385269604350
18445899651599564798
18446532968182054910
18446691297327677438
18446730879614083070
18446740775185684478
18446743249078584830
18446743867551809918
18446744022170116190
18446744060824692758
18446744070488336900
18446744072904247936
18446744073508225696
18446744073659220136
13835058055269580842
3458764513817395210
864691128454348803
216172782113587201
54043195528396801
13510798882099201
3377699720524801
844424930131201
211106232532801
52776558133201
9223385230994309109
11529218344603353084
16717362641433001982
18014398715640414206
18338657734192267262
18419722488830230526
18439988677489721342
18445055224654594046
18446321861445812222
18446638520643616766
18446717685443067902
18446737476642930686
18446742424442896382
18446743661392887806
18446743970630385662
18446744047939760126
18446744067267103742
9223372035244163839
6917529027238428863
1729382256809607215
9655717601057177611
11637301437119070211
16744383414561931265
18021153908922646529
18340346532512825345
18420144688410370049
18440094227384756225
18445081612128352769
18446328458314251905
9223268133005950881
6917503051678875625
6341061781347106811
15420323500618940415
8466766893582123006
6728377741822918655
1682094435455729663
420523608863932415
105130902215983102
26282725553995774
6570681388498942
1642670347124734
410667586781182
102666896695294
25666724173823
6416681043455
1604170260863
401042565215
100260641303
4611686043492548229
14987979566155300769
17582052946820988904
18230571291987410938
18392700878279016446
18433233274851917823
18443366373995143167
18445899648780949503
18446532967477401087
18446691297151513983
18446730879570042207
18446740775174674263
13835057230648444373
3458764307662111093
864691076915527772
216172769228881942
54043192307220484
9236882834931580928
11532592745587671040
16718206241679081472
18014609615701934080
18338710459207647232
18419735670084075520
18439991972803182592
18445056048482959360
18446322067402903552
18446638572132889600
18446717698315386112
18446737479861010240
18446742425247416272
18446743661594017780
18446743970680668156
18446744047952330750
18446744067270246398
18446744072099725311
18446744073307095039
18446744073608937471
18446744073684398079
18446744073703263231
18446744073707979519
18446744073709158591
18446744073709453359
18446744073709527051
18446744073709545475
13835058055282162177
3458764513820540545
864691128455135137
216172782113783784
54043195528445946
9236882835736887294
11532592745788997631
16718206241729413119
18014609615714516991
18338710459210792959
18419735670084861951
18439991972803379199
18445056048483008511
18446322067402915839
18446638572132892671
18446717698315386879
18446737479861010431
18446742425247416319
18446743661594017791
18446743970680668159
18446744047952330751
18446744067270246399
18446744072099725311
18446744073307095039
18446744073608937471
18446744073684398079
18446744073703263231
18446744073707979519
18446744073709158591
18446744073709453359
9223372036854751243
6917529027641075714
1729382256910268928
432345564227567232
9331458427911667616
11556236643832692713
16724117216240336891
18016087359342247935
18339079895117725695
18419828029061595135
18440015062547562495
18445061820919054335
18446323510511927295
18446638932910145535
18446717788509700095
18446737502409588735
18446742430884560895
9223371626148528127
6917528924964519935
1729382231241129983
9655717594665058303
11637301435521040383
16744383414162423807
18021153908822769663
18340346532487856127
18420144688404127743
9216722190528419839
6915866566059492863
1728966641514873215
432241660378718303
108060415094679575
27015103773669893
6753775943417473
1688443985854368
422110996463592
105527749115898
26381937278974
6595484319742
1648871079934
412217769982
103054442494
25763610622
6440902654
1610225662
402556414
9223372036955414910
11529215046093629535
16717361816805571095
13402712491056168581
3350678122764042145
837669530691010536
209417382672752634
52354345668188158
13088586417047039
3272146604261759
818036651065439
204509162766359
51127290691589
12781822672897
3195455668224
798863917056
199715979264
9223372086783770625
11529215058550718465
16717361819919843329
8791026473407348737
6809442636779225089
1702360659194806273
425590164798701569
106397541199675393
26599385299918849
6649846324979713
1662461581244929
415615395311233
9223475940703603617
11529241022030676713
16717368310789832891
18014400132979621935
9115286051672293387
6890507531345461251
6334312901263753217
6195264243743326209
6160502079363219456
1540125519840804864
385031379960201216
96257844990050304
24064461247512576
6016115311878144
1504028827969537
376007206992385
94001801748097
23500450437025
5875112609257
1468778152315
367194538079
91798634519
22949658629
5737414657
1434353665
358588417
89647105
22411777
5602945
1400737
350185
87547
21887
5471
1367
341
9223372036854775893
11529215046068469781
12105675798371893253
3026418949592973313
756604737398243328
189151184349560832
47287796087390208
11821949021847552
2955487255461888
738871813865472
184717953466368
46179488366592
11544872091648
2886218022912
721554505728
180388626432
45097156608
11274289153
2818572289
704643073
176160769
44040193
11010049
2752513
688129
172033
43009
10753
2689
673
168
4611686018427387946
14987979559889010698
17582052945254416387
18230571291595767809
18392700878181105665
18433233274827440129
18443366373989023745
18445899648779419649
18446532967477018625
18446691297151418369
9223358842715242497
6917525729106198529
1729381432276549633
432345358069137409
108086339517284353
27021584879321089
6755396219830273
1688849054957569
422212263739393
105553065934849
26388266483713
6597066620929
1649266655233
412316663809
103079165953
25769791489
9223372043297223681
11529215047679081728
16717361817201934144
18014398509582647248
18338657682677825524
18419722475951620092
18439988674270068734
18445055223849680894
18446321861244583934
18446638520593309694
18446717685430491134
18446737476639786494
18446742424442110334
18446743661392691294
18446743970630336534
13835058029512359940
3458764507378089984
10088063163699298305
11745387827779600385
16771405012227063809
8804537271484153857
6812820336298426369
1703205084074606593
425801271018651649
106450317754662913
26612579438665729
9230025181714442241
11530878332283386369
16717777638353010305
18014502464870416289
18338683671499767785
18419728973157105659
13828304280144052223
3457076070036013055
864269017509003263
4827753272804638719
15041996373483323391
17595557148652994559
18233947342445412351
18393544890893516799
18433444278005542911
18443419124783549439
18445912836478051071
18446536264401676479
13835006102955194927
3458751525738798731
864687881434699683
216171970358674921
54042992589668731
13510748147417183
3377687036854295
844421759213573
211105439803393
52776359950849
13194089987713
3298522496929
824630624233
206157656059
51539414015
12884853503
3221213375
805303343
201325834
50331459
12582865
9223372036857921525
11529215046069256188
16717361816799477758
18014398509482033150
18338657682652671998
18419722475945331710
18439988674268496638
18445055223849287870
18446321861244485678
18446638520593285130
18446717685430484995
18446737476639784961
18446742424442109953
9223371624537915393
6917528924561866753
1729382231140466689
9655717594639892481
11637301435514748928
16744383414160850944
18021153908822376448
18340346532487757824
18420144688404103168
18440094227383189504
18445081612127961089
18446328458314153985
18446640169860702209
18446718097747339265
18446737579718998529
18446742450211913345
18446743667835142049
18446743972240949225
18446744048342401019
18446744067367763967
18446744072124104702
18446744073313189886
18446744073610461182
18446744073684779006
18446744073703358462
18446744073708003326
18446744073709164542
18446744073709454846
9223372036854751614
6917529027641075806
1729382256910268950
432345564227567236
9331458427911667616
11556236643832692713
16724117216240336891
18016087359342247935
18339079895117725695
18419828029061595135
18440015062547562495
18445061820919054335
18446323510511927295
18446638932910145535
18446717788509700095
18446737502409588735
18446742430884560895
18446743663003303935
18446743971032989695
18446744048040411135
18446744067292266495
18446744072105230334
18446744073308471294
18446744073609281534
18446744073684484094
18446744073703284734
18446744073707984894
18446744073709159934
18446744073709453694
18446744073709527134
18446744073709545494
13835058055282162180
3458764513820540544
864691128455135137
216172782113783784
54043195528445946
13510798882111486
3377699720527870
844424930131966
211106232532990
52776558133246
13194139533310
3298534883326
824633720830
206158430206
9223372088394383358
11529215058953371646
16717361820020506622
13402712491859902462
3350678122964975614
837669530741243902
4821103401112698878
15040333905560338430
17595141531672248318
18233843438200225790
18393518914832220158
18433437783990218750
13831731482852330494
3457932870713082622
864483217678270654
216120804419567662
9277402237959667722
11542722596344692738
16720738704368336896
18015242731374247936
18338868738125725696
18419775239813595136
18440001865235562496
18445058521591054336
18446322685679927296
18446638726702145536
18446717736957700096
18446737489521588736
18446742427662560896
18446743662197803936
18446743970831614696
18446744047990067386
18446744067279680558
18446744072102083850
18446744073307684675
18446744073609084881
9223372036829659125
6917529027634802684
1729382256908700670
432345564227175166
108086391056793790
27021597764198446
9230127436295825418
11530903895928732163
16717784029264346753
18014504062598250401
18338684070931726313
18419729073015095291
18439990323535937535
18445055636166148094
18446321964323700734
18446638546363088894
18446717691872935934
18446737478250397694
18446742424844763134
18446743661493354494
18446743970655502334
18446744047946039294
18446744067268673534
18446744072099332094
18446744073306996734
18446744073608912894
18446744073684391934
18446744073703261694
13835058055280591230
12682136550674923614
12393906174523506710
12321848580485652484
3080462145121413120
770115536280353281
192528884070088321
48132221017522081
12033055254380521
3008263813595131
752065953398783
188016488349694
47004122087422
11751030521854
2937757630463
734439407614
183609851902
9223372082757238782
11529215057544085503
16717361819668185087
18014398510199209983
18338657682831966207
18419722475990155263
18439988674279702527
18445055223852089343
18446321861245186047
18446638520593460223
18446717685430528766
18446737476639795902
18446742424442112686
9223371624537916074
6917528924561866923
6341068249567854635
15420325117674127371
