18419722475945328641
18439988674268495873
18445055223849287681
18446321861244485633
18446638520593285121
18446717685430484993
18446737476639784961
18446742424442109953
18446743661392691201
18446743970630336513
18446744047939747841
18446744067267100673
18446744072098938881
18446744073306898433
18446744073608888321
18446744073684385793
18446744073703260161
18446744073707978753
18446744073709158401
18446744073709453313
18446744073709527041
18446744073709545473
18446744073709550081
18446744073709551233
9223372036854775713
6917529027641081832
1729382256910270458
432345564227567614
108086391056891902
27021597764222974
6755399441055742
1688849860263934
422212465065982
105553116266494
26388279066622
6597069766654
1649267441662
412316860414
103079215102
25769803774
9223372043297226750
11529215047679082494
16717361817201934334
18014398509582647294
18338657682677825534
18419722475951620094
18439988674270068734
18445055223849680894
18446321861244583934
18446638520593309694
18446717685430491134
18446737476639786494
18446742424442110334
18446743661392691294
18446743970630336534
18446744047939747844
18446744067267100672
18446744072098938881
18446744073306898433
18446744073608888321
18446744073684385793
18446744073703260161
18446744073707978753
18446744073709158401
18446744073709453313
18446744073709527041
18446744073709545473
18446744073709550081
18446744073709551233
18446744073709551521
18446744073709551593
18446744073709551611
18446744073709551615
18446744073709551614
18446744073709551614
18446744073709551614
18446744073709551614
18446744073709551614
18446744073709551614
18446744073709551614
18446744073709551614
18446744073709551614
18446744073709551614
18446744073709551614
18446744073709551614
18446744073709551614
18446744073709551614
18446744073709551614
18446744073709551614
18446744073709551614
18446744073709551614
18446744073709551614
18446744073709551614
18446744073709551614
18446744073709551614
18446744073709551614
18446744073709551614
18446744073709551614
18446744073709551614
18446744073709551614
13835058055282163710
12682136550675316734
12393906174523604991
16933534598913064959
18068441705010429951
18352168481534771199
18423100175665856511
18440833099198627839
18445266330081820671
18446374637802618879
18446651714732818431
18446720983965368319
18446738301273505791
18446742630600540159
18446743712932298751
18446743983515238399
18446744051160973311
18446744068072407039
18446744072300265471
18446744073357230079
18446744073621471231
18446744073687531519
18446744073704046591
18446744073708175359
18446744073709207551
18446744073709465599
18446744073709530111
18446744073709546239
18446744073709550271
18446744073709551279
9223372036854775723
6917529027641081834
6341068275337658362
15420325124116578302
17690139336311308287
18257592889359990783
18399456277622161407
18434922124687704063
18443788586454089727
18446005201895686143
18446559355756085247
18446697894221185023
18446732528837459967
18446741187491528703
18446743352155045887
18446743893320925183
18446744028612395007
18446744062435262463
18446744070890979327
18446744073004908543
18446744073533390847
18446744073665511423
18446744073698541567
18446744073706799103
18446744073708863487
18446744073709379583
18446744073709508607
18446744073709540863
18446744073709548927
18446744073709550943
18446744073709551447
13835058055282163669
12682136550675316725
12393906174523604988
16933534598913064958
18068441705010429950
18352168481534771198
18423100175665856510
18440833099198627838
18445266330081820670
18446374637802618878
18446651714732818430
18446720983965368318
18446738301273505790
18446742630600540158
18446743712932298750
18446743983515238398
18446744051160973310
18446744068072407038
18446744072300265470
18446744073357230078
18446744073621471230
18446744073687531518
18446744073704046590
18446744073708175358
18446744073709207550
18446744073709465598
18446744073709530110
18446744073709546238
18446744073709550270
18446744073709551278
18446744073709551530
18446744073709551594
18446744073709551610
18446744073709551614
18446744073709551615
18446744073709551615
18446744073709551615
18446744073709551615
18446744073709551615
18446744073709551615
18446744073709551615
18446744073709551615
18446744073709551615
18446744073709551615
18446744073709551615
18446744073709551615
9223372036854775807
6917529027641081855
1729382256910270463
432345564227567615
108086391056891903
27021597764222975
6755399441055743
1688849860263935
422212465065983
105553116266495
26388279066623
6597069766655
1649267441663
412316860415
103079215103
25769803775
6442450943
1610612734
402653182
100663294
25165822
6291454
1572862
393214
98302
24574
6142
1534
382
94
22
4
0
0
0
0
0
0
0
0
0
0
0
0
0
0
0
0
0
0
0
0
0
0
0
0
0
0
0
0
0
9223372036854775808
11529215046068469761
16717361816799281153
18014398509481984001
18338657682652659713
18419722475945328641
18439988674268495873
18445055223849287681
18446321861244485633
18446638520593285121
18446717685430484993
18446737476639784961
18446742424442109953
18446743661392691201
18446743970630336513
18446744047939747841
18446744067267100673
18446744072098938881
18446744073306898433
18446744073608888321
18446744073684385793
18446744073703260161
18446744073707978753
18446744073709158401
18446744073709453313
18446744073709527041
18446744073709545473
18446744073709550081
18446744073709551233
9223372036854775713
6917529027641081832
1729382256910270458
432345564227567614
108086391056891902
27021597764222974
6755399441055742
1688849860263934
422212465065982
105553116266494
26388279066622
6597069766654
1649267441662
412316860414
103079215102
25769803774
6442450942
1610612734
402653182
100663294
25165822
6291454
1572862
393214
98302
24574
6142
1534
382
94
22
4
9223372036854775808
11529215046068469760
16717361816799281152
18014398509481984000
18338657682652659712
18419722475945328640
18439988674268495872
18445055223849287680
18446321861244485632
18446638520593285120
18446717685430484992
18446737476639784960
18446742424442109952
18446743661392691200
18446743970630336512
13835058029512359936
3458764507378089984
864691126844522496
216172781711130624
54043195427782656
13510798856945664
3377699714236416
844424928559104
211106232139776
52776558034944
13194139508736
3298534877184
824633719296
206158429824
51539607456
12884901864
3221225466
805306366
201326590
50331646
12582910
3145726
786430
196606
49150
12286
3070
766
190
46
9223372036854775818
11529215046068469763
16717361816799281153
18014398509481984001
18338657682652659713
18419722475945328641
18439988674268495873
18445055223849287681
18446321861244485633
18446638520593285121
18446717685430484993
18446737476639784961
18446742424442109953
18446743661392691201
18446743970630336513
18446744047939747841
18446744067267100673
18446744072098938880
18446744073306898432
18446744073608888320
18446744073684385792
18446744073703260160
18446744073707978752
18446744073709158400
18446744073709453312
18446744073709527040
18446744073709545472
18446744073709550080
18446744073709551232
9223372036854775712
6917529027641081832
6341068275337658362
15420325124116578302
17690139336311308287
18257592889359990783
18399456277622161407
18434922124687704063
18443788586454089727
18446005201895686143
18446559355756085247
18446697894221185023
18446732528837459967
18446741187491528703
18446743352155045887
18446743893320925183
18446744028612395007
18446744062435262463
18446744070890979327
18446744073004908543
18446744073533390847
18446744073665511423
18446744073698541567
18446744073706799103
18446744073708863487
18446744073709379583
18446744073709508607
18446744073709540863
18446744073709548927
18446744073709550943
18446744073709551447
13835058055282163669
3458764513820540917
864691128455135228
216172782113783806
54043195528445950
13510798882111486
3377699720527870
844424930131966
211106232532990
52776558133246
13194139533310
3298534883326
824633720830
206158430206
51539607550
12884901886
3221225470
805306366
201326590
50331646
12582910
3145726
786430
196606
49150
12286
3070
766
190
46
10
2
4611686018427387904
14987979559889010688
17582052945254416384
18230571291595767808
18392700878181105664
18433233274827440128
18443366373989023744
18445899648779419648
18446532967477018624
18446691297151418368
18446730879570018304
18446740775174668288
18446743249075830784
18446743867551121408
18446744022169944064
18446744060824649728
18446744070488326144
18446744072904245248
18446744073508225024
18446744073659219968
18446744073696968704
18446744073706405888
18446744073708765184
18446744073709355008
18446744073709502464
18446744073709539328
18446744073709548544
18446744073709550848
18446744073709551424
18446744073709551568
9223372036854775796
6917529027641081853
1729382256910270463
432345564227567615
108086391056891903
27021597764222975
6755399441055743
1688849860263935
422212465065983
105553116266495
26388279066623
6597069766655
1649267441663
412316860415
103079215103
25769803775
6442450943
1610612735
402653183
100663295
25165823
6291455
1572863
393215
98303
24575
6143
1535
383
95
23
5
1
0
0
0
0
0
0
0
0
0
0
0
0
9223372036854775808
11529215046068469761
16717361816799281153
18014398509481984001
18338657682652659713
18419722475945328641
18439988674268495873
18445055223849287681
18446321861244485633
18446638520593285121
18446717685430484993
18446737476639784961
18446742424442109953
18446743661392691201
18446743970630336513
18446744047939747841
18446744067267100673
18446744072098938880
18446744073306898432
18446744073608888320
18446744073684385792
18446744073703260160
18446744073707978752
18446744073709158400
18446744073709453312
18446744073709527040
18446744073709545472
18446744073709550080
18446744073709551232
9223372036854775712
6917529027641081832
1729382256910270458
432345564227567614
108086391056891902
27021597764222974
6755399441055742
1688849860263934
422212465065982
105553116266494
26388279066622
6597069766654
1649267441662
412316860414
103079215102
25769803774
6442450942
1610612734
402653182
100663294
25165822
6291454
1572862
393214
98302
24574
6142
1534
382
94
22
4
0
0
0
0
0
0
0
0
0
0
0
0
0
0
0
0
0
0
0
0
0
0
0
0
0
0
0
0
0
0
0
0
0
0
0
0
0
0
0
0
0
0
0
0
0
9223372036854775808
11529215046068469760
16717361816799281152
18014398509481984000
18338657682652659712
18419722475945328640
18439988674268495872
18445055223849287680
18446321861244485632
18446638520593285120
18446717685430484992
18446737476639784960
18446742424442109952
18446743661392691200
18446743970630336512
18446744047939747840
9223372030412324864
6917529026030469121
1729382256507617281
432345564126904321
108086391031726081
27021597757931521
6755399439482881
1688849859870721
422212464967681
105553116241921
26388279060481
6597069765121
1649267441281
412316860321
103079215081
4611686044197191675
14987979566331461631
17582052946865029118
18230571291998420990
18392700878281768958
18433233274852605950
18443366373995315198
18445899648780992510
18446532967477411838
18446691297151516670
18446730879570042878
18446740775174674430
18446743249075832318
18446743867551121790
18446744022169944158
18446744060824649750
18446744070488326148
18446744072904245248
18446744073508225024
18446744073659219968
18446744073696968704
18446744073706405888
18446744073708765184
18446744073709355008
18446744073709502464
18446744073709539328
18446744073709548544
18446744073709550848
18446744073709551424
13835058055282163664
3458764513820540916
864691128455135228
216172782113783806
54043195528445950
13510798882111486
3377699720527870
844424930131966
211106232532990
52776558133246
13194139533310
3298534883326
824633720830
206158430206
51539607550
12884901886
3221225470
805306366
201326591
50331647
12582911
3145727
786431
196607
49151
12287
3071
767
191
47
11
2
0
0
0
0
0
0
0
0
0
0
0
0
0
0
0
0
0
0
0
0
0
0
0
0
0
0
0
0
0
0
9223372036854775808
11529215046068469760
16717361816799281152
18014398509481984000
18338657682652659712
18419722475945328640
18439988674268495872
18445055223849287680
18446321861244485632
18446638520593285120
18446717685430484992
18446737476639784960
18446742424442109952
18446743661392691200
18446743970630336512
18446744047939747840
18446744067267100672
18446744072098938880
18446744073306898432
18446744073608888320
18446744073684385792
18446744073703260160
18446744073707978752
18446744073709158400
18446744073709453312
18446744073709527040
18446744073709545472
18446744073709550080
18446744073709551232
18446744073709551520
18446744073709551592
13835058055282163706
3458764513820540926
864691128455135231
216172782113783807
54043195528445951
13510798882111487
3377699720527871
844424930131967
211106232532991
52776558133247
13194139533311
3298534883327
824633720831
206158430207
9223372088394383359
11529215058953371647
16717361820020506623
18014398510287290367
18338657682853986303
18419722475995660287
18439988674281078783
18445055223852433407
18446321861245272063
18446638520593481727
18446717685430534143
18446737476639797247
18446742424442113023
18446743661392691967
18446743970630336703
18446744047939747887
9223372030412324875
6917529026030469123
1729382256507617281
432345564126904321
108086391031726081
27021597757931521
6755399439482881
1688849859870721
422212464967681
105553116241921
26388279060481
6597069765121
1649267441281
412316860321
103079215081
25769803771
6442450943
1610612735
402653183
100663295
25165823
6291455
1572863
393215
98303
24575
6143
1535
383
95
23
5
1
0
0
0
0
0
0
0
0
0
0
0
0
0
0
0
0
0
0
0
0
0
0
0
0
0
0
0
0
0
1
1
1
1
1
1
1
1
1
1
1
1
1
0
0
0
0
0
0
0
0
0
0
0
0
0
0
0
0
0
0
0
0
0
0
0
0
0
0
0
0
0
0
0
9223372036854775808
11529215046068469760
16717361816799281152
18014398509481984000
18338657682652659712
18419722475945328640
18439988674268495872
18445055223849287680
18446321861244485632
18446638520593285120
18446717685430484992
18446737476639784960
18446742424442109952
18446743661392691200
18446743970630336512
13835058029512359936
3458764507378089984
864691126844522496
216172781711130624
54043195427782656
13510798856945664
3377699714236416
844424928559104
211106232139776
52776558034944
13194139508736
3298534877184
824633719296
206158429824
51539607456
12884901864
3221225466
805306366
201326590
50331646
12582910
3145726
786430
196606
49150
12286
3070
766
190
46
10
3
1
1
1
1
1
1
1
1
1
1
1
1
1
1
9223372036854775809
11529215046068469761
16717361816799281153
18014398509481984001
18338657682652659713
18419722475945328641
18439988674268495873
18445055223849287681
18446321861244485633
18446638520593285121
18446717685430484993
18446737476639784961
18446742424442109953
9223371624537915393
6917528924561866753
1729382231140466689
432345557785116673
108086389446279169
27021597361569793
6755399340392449
1688849835098113
422212458774529
105553114693633
26388278673409
6597069668353
1649267417089
412316854273
