17296949190413035737
18159295352885422646
9151509856648743564
6899563482589573794
1724890870647393449
431222717661848363
4719491697842849994
1179872924460712499
9518340267969953933
6991271085419876387
15582875826637132808
13119090993514059010
12503144785233290560
7737472214735710544
6546054072111315541
1636513518027828884
9632500416361733028
7019811122517821160
6366638799056843195
6203345718191598703
6162522447975287579
15375688667275985606
8455608185246384304
11337274083166371885
7446004539218980874
15696559190086908930
8535825815949115137
2133956453987278784
14368547168778983408
17427194847476909564
18191856767151391102
4547964191787847774
14972049103229125655
17578070331089445124
13617889619627137088
8016158423334172176
6615725624260930948
15488989461347396449
8483933383764237017
11344355382795835063
12059460882553734572
16849923275920597355
8824166837407537242
6817727727779272215
1704431931944818053
9649480019840980321
11635742041815020889
2908935510453755223
5338919896040826708
1334729974010206677
14168740548784715380
3542185137196178844
14720604339581208422
12903523121750077912
7837566798864907382
6571077718143614749
10866141466390679495
2716535366597669872
5290819860076805372
5934390983446589246
10706969782716423118
7288428464106493683
11045479152881399229
7373055806647737710
1843263951661934426
9684188024770259414
2421047006192564853
14440319806830304925
8221765970134964135
15890499547815904745
13195996923808751995
3298999230952187999
10048121844592822807
16347088516430369413
17921830184389756064
9092143564524826920
6884721909558594634
6332866495817036563
10806588660809034948
16536705220484422449
8745862323548493516
11409837617741899187
2852459404435474797
5324800869536256602
15166258272666227863
13014936605021332772
12477106188110109000
12342648583882303059
3085662145970575764
14606473591774807653
8263304416371089817
2065826104092772455
14351514581305356824
17422936700608502919
8967420193579513632
6853541066822266313
6325071285132954483
15416325876565402333
13077453505996126390
12492735413353807405
12346555890193227659
3086638972548306914
14606717798419240441
3651679449604810111
912919862401202527
14063288020882464343
3515822005220616085
10102327538159929829
11748953921394758265
16772296535630853279
18028132189189877030
9118719065724857160
11503051803285990098
16710821006103661236
8789391269953303212
2197347817488325802
5161022972799469355
1290255743199867338
322563935799966834
9304013020804767517
16161061310483355590
13263637364475614705
17150967396401067388
13511113885955042654
17212836526770924375
4303209131692731092
1075802282923182773
9492322607585571500
16208138707178556586
17887092732076802858
4471773183019200715
14953001351036963891
8349936356186628877
2087484089046657219
521871022261664304
9353839792420191885
16173518003387211683
4043379500846802920
14845902930493864442
12934847769478241918
3233711942369560479
5420114004019778023
5966714519432332409
15326736685140246814
17666742226567225415
13640057593496582161
8021700416801533445
2005425104200383360
9724728312904871649
7042868096653605816
6372403042590789358
15428158815929861050
17692097759264628974
13646396476670933051
3411599119167733262
10076271816646709122
16354126009443840993
17923589557643123961
18315955444692944703
9190674879600624079
2297668719900156019
5186103198402426908
10519897836455382535
7241660477541233536
11033787156240084193
16593504844342184760
4148376211085546191
10260466089626162354
16400174577688704300
17935101699704339787
9095461443353472850
6885551379265756117
6333073863243826932
1583268465810956733
5007503134880127086
10475247820574807578
11842183991998477703
7572232016427007329
6504744022534139736
15461244060915698646
8476997033656312565
6730935276841466044
10906105856065142319
7338212482443673483
6446239139038306274
1611559784759576569
5014575964617282047
15088702046436484222
12995547548463896863
17083944942398137927
18106044290881698192
13749883109575200356
12660842814248575897
7776896721989531879
1944224180497382969
5097742063551733646
15109493571170097123
13000745429647300088
12473558394266600830
16953447653848813918
18073419968744367191
18353413047468255509
18423411317149227589
18440910884569470609
4610227721142367653
5764242948712979816
6052746755605632859
15348244744183571926
17672119241328056692
4418029810332014173
1104507452583003542
276126863145750884
4680717734213825624
5781865451980844311
15280524418277374788
17655189159851507409
13637169326817652661
3409292331704413165
5464009101353491195
10589374312193148606
11870715614903062959
16802736959007929451
4200684239751982363
5661857078365383495
15250522324873509585
17647688636500541108
4411922159125135277
5714666558208671723
15263724694834331643
3815931173708582911
10177354830281921535
7156024725997868287
15624064236781630783
17741074114477571406
9046954547046780754
16096796692043858901
13247571209865740532
17146950857748598844
8898423732864537614
2224605933216134402
9779523520158809409
2444880880039702352
5222906238437313492
5917412578036716277
1479353144509179068
4981524304554682671
1245381076138670666
4923031287462055570
1230757821865513893
307689455466378472
4688608382293982522
15007210150855659343
17586860592996078547
18231773203531183348
9169629319310183740
2292407329827545935
14408159887739050194
3602039971934762549
900509992983690636
225127498245922659
13891339929843644377
12696207019315686902
12397423791683697532
12322727984775700190
3080681996193925046
770170499048481261
192542624762120314
48135656190530079
13847091969329796231
17296831047614612768
8935893780331041097
11457345481937536083
12087708407339159829
3021927101834789956
5367167793886085392
1341791948471521349
9558820023972656144
16224763061275327748
4056190765318831937
14849105746611871696
12935648473507743732
17068970173659099645
8878928561842162815
6831418158887928606
6319540558149370055
1579885139537342513
9618343321739111437
7016271848862165763
1754067962215541441
5050203008981273264
10485922789100094124
11844852734129799338
16796271238814613546
8810753828131041291
6814374475460148226
15538651674147200768
8496348936964188096
6735773252668434929
10907315350021884541
7338514855932859038
1834628713983214758
458657178495803689
114664294623950923
28666073655987731
13842224573696160644
3460556143424040161
865139035856010040
216284758964002511
4665757208168388530
15001497357324260845
17585432394613228923
18231416153935470943
9169540056911255638
16127443069509977620
8643546785804882309
15995944751733384288
13222358224788121880
17140647611479194182
18120219958151962257
18365113044820154276
9202964279632426472
11524113106762882426
2881028276690720606
5331943087600068054
5944671790327404916
1486167947581851228
4983228005322850710
15080865056612876388
17605274319435382809
9013004598286233607
6864937167998946305
1716234291999736577
429058572999934144
13942322698532147249
17320638729915200524
8941845700906188035
2235461425226547009
558865356306636752
9363088375931434997
16175830149265022461
13267329574171031422
12540204430397533663
12358423144454159223
16924663841395703516
13454537997203701686
12587006536155701229
7758437652466313211
6551295431543966207
6249509876313379455
15397435524360508574
3849358881090127142
14797397775554695497
3699349443888673875
14759895416254332181
12913345890918358853
3228336472729589712
10030456155037173237
2507614038759293309
626903509689823327
9380097914277231638
2345024478569307908
9809628156497102784
16287465094406439408
17906924328883773565
9088417100648331295
11495476312016858631
2873869078004214657
14553525324783217377
17473439386477968057
13591731883474267823
8009618989295954858
15837462802606152427
17794423755933701818
4448605938983425455
10335523521600632171
16418938935682321754
17939792789202744151
18320006252582849749
18415059618427876149
18438822959889132749
18444763795254446898
18446249004095775436
4611562251023943858
5764576581183373869
1441144145295843466
360286036323960867
90071509080990216
22517877270247555
9229001506172337697
6918936394970472329
1729734098742618083
9655805561540430329
7025637408812495486
15591467407485287582
8509552870298709798
6739074236002065352
15519826614282680051
8491642671998057917
15957968723281678190
8601178199247807450
6761980568239339766
1690495142059834941
9645995822369734542
16246557010874597347
13285011289573425144
17156310877675519998
8900763737846267903
11448562971316342782
12085512779683861503
3021378194920965375
5367030567157629246
5953443660216795215
10711732951908974610
16512991293259407364
13351619860169627649
3337904965042406913
14669534296542765440
12890755610990467168
17057746958029780505
8876122757934833031
16054088744765871969
8625208204618855896
2156302051154713975
539075512788678493
4746454896624557526
15021671779438303093
8367103963286963676
2091775990821740918
14358002052987598941
12812872550101675543
12426590174380194693
16941705598877212385
18070484455001466809
9129307132177754606
11505698819899214458
2876424704974803615
14554164231525864615
8250227076308854056
11285928805931989323
7433168219910385235
6469978073404984212
15452552573633409765
8474824161835740344
15953764095741098798
8600127042362662603
11373403797445441459
7455036967788748268
6475445260374574971
10842233351948419551
11933930374841880694
7595168612137858077
6510478171461852422
15462677598147626816
3865669399536906705
14801475405166390389
17535426906573761308
4383856726643440327
14931022236943023793
12956127596090531756
3239031899022632939
10033130011610434043
11731654539757384318
2932913634939346079
5344914427162224423
15171286662072719816
13016193702372955763
12477420462448014748
3119355115612003687
14614896834185164632
8265410226973679063
2066352556743419764
516588139185854941
13964205090078627446
17326109327801820573
13554899368805230950
17223782897483471449
18141003779653031575
9146936963340645796
16121792296117325160
4030448074029331290
1007612018507332822
14086961059908996916
8133426283404637133
6645042589278547187
6272946665747024700
15403294721718919886
3850823680429729971
14797763975389596204
12922813030702174859
12454075294530319522
16948576878914743592
4237144219728685898
14894344110214335186
12946958064408359604
12460111552956865709
12338399925093992234
12307972018128273867
7688679022959456371
11145541792594639901
12009757485003435783
12225811408105634752
12279824888881184496
12293328259075071933
16908390120050931694
18062155585294896635
9127224914751112063
2281806228687778014
14405509612454108215
3601377403113527052
900344350778381762
4836772106121983344
5820879044957883740
15290277816521634646
8434255472557796564
6720249886566837044
15515120526923872972
8490466150158356147
11345988574394364844
2836497143598591210
5320810304327035707
10553574612936534735
2638393653234133682
659598413308533420
13999957658609297066
17335047469934487979
8945447885911009899
2236361971477752474
9782462529724213926
7057301650858441385
10987697449569386154
7358610380819734443
15674710650487097323
17753735717903938043
4438433929475984511
1109608482368996126
4889088139019636934
5833958053182297136
10681861550150350092
7282151405964975426
11043909888346019664
16596035527368668629
8760694900269555060
16025231780349552477
17841366000369551830
13683713536947163764
8032614402664178844
6619839619093432614
15490017960055521865
8484190508441268370
2121047627110317092
14365319962059742984
3591329990514935746
897832497628733937
9447830161261959292
11585329577170265630
7508018412719954310
11100376640034764384
16610152215290854809
13375910090677489511
17179035577951536089
13518130931342659830
7991218751263052861
6609490706243151119
6264058694988175682
1566014673747043921
9614875705291536788
2403718926322884197
600929731580721049
150232432895180263
9260930145078570873
16150290591551806431
4037572647887951607
1009393161971987901
9475720327347772782
11592302118691719003
16733133584955093463
8794969414666161268
16033800408948704029
8620136120664563910
11378406067020916785
2844601516755229196
14546208434470971010
12859924145472518561
12438353073222905448
7721274286733114266
1930318571683278567
14317637698202983352
8191095442978133743
6659459879171921339
1664864969792980335
14251274297730408794
8174504592859990102
6655312166642385428
6275514060087984261
6180564533449383969
1545141133362345993
4997971301767974403
1249492825441993601
4924059224787886305
1231014806196971577
14142811756831406606
12759074976062627459
17024826799297820577
18091264755106618857
9134502207204042618
11506997588655786463
7488435415591334518
15707166909179997341
13150163764149775142
7899226959464831689
15809864795148371634
17787524254069256621
4446881063517314154
10335092302734104346
11807145112538301895
7563472296561963376
1890868074140490844
9696089055389898518
16259080319129638341
13288142116637185393
17157093584441460061
4289273396110365014
1072318349027591253
14103137642539061524
17360842465916929092
18175268671761395985
13767189204795124805
3441797301198781200
10083821362154471108
11744327377393393584
16771139899630512109
4192784974907628027
5659882262154294911
1414970565538573727
353742641384643430
13923493715628324569
17315931484189244855
18164040926329474925
18376068286864532442
18429075126998296822
18442326837031737916
13833953746112710287
3458488436528177570
10087994145986820201
2521998536496705050
9853871670978952070
16298525973026901729
8686317511684113336
11394951414775804142
12072109890548726842
16853085527919345423
18048329437262000067
9123768377742887920
6892628112863109885
6334843046643165375
15418768816942955054
3854692204235738763
10187045087913710498
7158447290405815528
15624669877883617594
17741225524753068110
13658678418043042834
12638041641365536516
16994568465623547840
8860328134833274865
6826768052135706621
6318378031461314558
6191280526292716543
10771192168427954943
16527856097389152446
8743650042774676015
2185912510693669002
546478127673417251
13971677587200518024
8104605415227517411
15861209409089043064
8576988370699648670
6755933111102300071
10912355314630350825
2728088828657587706
9905394244019172734
11699720597859568991
2924930149464892247
9954604574220998868
7100337161982637621
6386770308923047309
15431750632512925538
13081309694983007193
3270327423745751798
817581855936437949
14039453519266273199
17344921435098732010
13559602395629458811
3389900598907364702
10070847186581616983
11741083833500180052
2935270958375045013
9957189776448537060
7100983462539522168
6386931884062268447
15431791026297730822
13081319793429208513
12493701985212077936
16958483551585183196
13462992924751071607
7977434249615155805
6606044580831176855
10874883182062570020
11942092832370418313
2985523208092604579
14581438857305314856
17480417769608492426
4370104442402123106
14927584165882694488
8343582059898061527
6697581533401903285
15509453438632639533
13100735396512935691
7886869867555621826
11195089503743681265
16633830431218084028
8770143626231908911
11415907943412753035
2853976985853188258
713494246463297065
9401745598470600075
16185494454899813731
4046373613724953432
14846651458713402071
12935034901533126324
7845444743810669485
11184733222807443178
16631241360984024506
8769496358673394031
16027432144950512218
17841916091519791767
9072165041307335844
16103099315608997672
8637460847329637323
11382737248687185139
7457370330599184188
11087714619504571854
2771928654876142962
14528040219001199452
8243696073177687766
11284296055149197749
2821074013787299436
14540326558728988571
17470139694964410854
8979220942168490616
2244805235542122654
5172887327312918567
5904907850255617544
1476226962563904386
14204114795923139809
17386086754262948665
8958207706993125071
6851237945175669171
10936181523148693100
2734045380787173275
14518569400478957031
3629642350119739256
5519096605957322719
5991460169916718582
6109551060906567548
1527387765226641886
9605218978161436278
7012990762967746973
15588305746024100454
13120448473360800920
12503484155194976039
16960929094080907721
8851918291947614835
6824665591414291612
15541224453135736614
3885306113283934153
10194698565175759347
11772046678148715644
2943011669537178910
14570810972666458439
8254388761594002513
2063597190398500629
515899297599625157
128974824399906289
32243706099976572
8060926524994142
2015231631248534
4612189826335200036
10376419493438575817
7205790891787031859
6413133741374145868
10826655472198312275
11930035904904353877
7594194994653476372
6510234767090756997
1627558691772689249
14241947728225336024
12783858968911109815
7807650760655165356
1951912690163791338
14323036227823111547
3580759056955777886
10118561801093720278
11753012487128205876
12161625158636827276
12263778326513982627
3065944581628495656
766486145407123914
4803307554779168883
1200826888694792220
300206722173698054
4686737698970812417
10395056461597478912
7210450133826757633
15637670588738853120
3909417647184713280
5589040430223566224
6008946125983279461
6113922549923207768
10751852674335577750
7299649187011282340
1824912296752820584
5067914092615593050
1266978523153898263
14151802686070638277
8149636689945047473
6649095190913649772
1662273797728412443
5027254467859491014
10480185653819648561
16455104468737075852
13337148154039044770
7945973056937149097
11209865301089063082
16637524380554429483
8771067113565995275
11416138815246274626
7465720722238956561
11089802217414514948
11995822591208404544
16834013703084264848
13431875462625842021
17193026920938624217
13521628767089431862
12603779228627133772
3150944807156783442
14622794257071359572
17490756619550003605
8984375173314888804
11469465830183498008
2867366457545874502
9940213651241244432
7096739431237699013
6385870876236812657
15431525774341366877
3857881443585341719
964470360896335428
9464489627078859664
2366122406769714916
9814902638547204536
16288783714918964846
17907253984011904922
9088499514430364134
6883810897034978936
6332638742686132638
15418217740953696871
17689612490520587928
18257461177912310694
13787737331332853480
17281992388115377082
18155556152311007982
13762261074932527802
8052251287160519855
11236434858644905770
16644166769943390154
13384413729340623347
3346103432335155837
10059897894938564767
2514974473734641191
14463801673715824009
8227636436856343906
11280281146068861785
7431756304944603351
11081311113090926644
2770327778272731660
692581944568182915
14008203541424209441
3502050885356052360
5487198739766400995
1371799684941600249
14178007976517563774
12767874030984166750
12415340544600817494
7715521154577592276
15763938343926561781
8552670604409028348
2138167651102257087
14369599968057727982
12815772028869207803
7815629025644689854
6565593274838560366
6253084337137027995
15398329139566420711
17684640340173768889
13644532121898218030
12634505067329330314
7770312285259720483
11165950108169705928
12014859563897202290
16838772946256464284
8821379254991503975
2205344813747875993
5163022221864356903
10514127592320865033
2628531898080216259
9880505011374829872
7081812271271095372
6382139086245161747
10818906808416066245
7316412720531404465
1829103180132851116
457275795033212778
9337690985613079003
11557794783258045559
2889448695814511388
9945734210808403655
11709805589556876720
2927451397389219181
14566920904629468507
3641730226157367127
910432556539341781
4839294157562223349
5821509557817943741
6067063407881873839
1516765851970468458
4990877481420005018
10471091407209777062
11841144888657220072
7571972240591692923
11116365097002699039
12002463311105450567
3000615827776362641
14585212012226254373
8257989021483951496
15899555310653151586
8586574846090675800
15981701766804832663
3995425441701208164
998856360425302040
14084772145388489223
17356251091629286016
4339062772907321504
5696451711654218280
15259170983195718282
13038164782653705378
7871227214090814249
15802864858804867275
17785774269983380530
4446443567495845133
14946668947156124994
8348353255216419152
11310460350658880597
12050987124519495956
3012746781129873989
14588244750564632208
3647061187641158052
14746823352192453225
3686705838048113307
10145048496366804134
2536262124091701033
634065531022925258
9381888419610507122
6957158123330014685
15574347586114667383
3893586896528666845
5585082742559554614
10619642722494664461
16489968735905829827
17957550239258621169
9101073578242043196
16110326449842674510
17862639667742832339
9077345935363095988
6881022502268161901
1720255625567040474
430063906391760118
9330888013452715837
11556094040217954767
12112395546909264499
16863156942009479836
8827475253929757862
11430240850337215272
7469246231011691723
15702369613035086642
17760650458540935373
4440162614635233843
14945098708940972173
17571332732517406755
18227891238411515400
4556972809602878851
10362615239255495520
2590653809813873881
14482721507735632183
3620680376933908045
905170094233477010
14061350578840532964
8127023663137521145
11255127952639156094
7425468006587176926
6468053020074182134
10840385291873321341
16545154378250494047
8747974612990011415
6798679671674890757
1699669917918722688
424917479479680672
106229369869920168
13861615397749643754
3465403849437410938
14701409017641516447
3675352254410379110
918838063602594776
229709515900648695
13892485434257325885
