108086391056891903
27021597764222975
6755399441055743
1688849860263935
422212465065983
105553116266495
26388279066623
6597069766655
1649267441663
412316860415
103079215103
25769803775
6442450943
1610612735
402653183
100663295
25165823
6291455
1572863
393215
98303
24575
6143
1535
383
9223372036854775903
11529215046068469782
16717361816799281156
18014398509481984000
18338657682652659712
18419722475945328640
18439988674268495872
18445055223849287680
18446321861244485632
18446638520593285120
18446717685430484992
18446737476639784960
18446742424442109952
18446743661392691200
18446743970630336512
18446744047939747840
18446744067267100672
18446744072098938880
18446744073306898432
18446744073608888320
18446744073684385792
18446744073703260160
18446744073707978752
18446744073709158400
18446744073709453312
18446744073709527040
18446744073709545472
18446744073709550080
18446744073709551232
18446744073709551520
18446744073709551592
18446744073709551610
9223372036854775806
6917529027641081854
1729382256910270462
432345564227567614
108086391056891902
27021597764222974
6755399441055742
1688849860263934
422212465065982
105553116266494
26388279066622
6597069766654
1649267441662
412316860414
103079215102
4611686044197191678
14987979566331461630
17582052946865029118
18230571291998420990
18392700878281768958
18433233274852605950
18443366373995315198
18445899648780992510
18446532967477411838
18446691297151516670
18446730879570042878
18446740775174674430
18446743249075832318
18446743867551121790
18446744022169944158
18446744060824649750
18446744070488326148
18446744072904245248
18446744073508225024
18446744073659219968
18446744073696968704
18446744073706405888
18446744073708765184
18446744073709355008
18446744073709502464
18446744073709539328
18446744073709548544
18446744073709550848
18446744073709551424
18446744073709551568
9223372036854775796
6917529027641081853
1729382256910270463
432345564227567615
108086391056891903
27021597764222975
6755399441055743
1688849860263935
422212465065983
105553116266495
26388279066623
6597069766655
1649267441663
412316860415
103079215103
25769803775
6442450943
1610612734
402653182
100663294
25165822
6291454
1572862
393214
98302
24574
6142
1534
382
9223372036854775902
11529215046068469782
12105675798371893252
3026418949592973312
756604737398243329
189151184349560833
47287796087390209
11821949021847553
2955487255461889
738871813865473
184717953466369
46179488366593
11544872091649
2886218022913
721554505728
180388626432
45097156608
11274289152
2818572288
704643072
176160768
44040192
11010048
2752512
688128
172032
43008
10752
2688
672
168
4611686018427387946
14987979559889010698
17582052945254416387
18230571291595767809
18392700878181105665
18433233274827440129
18443366373989023745
18445899648779419649
18446532967477018625
18446691297151418369
18446730879570018305
18446740775174668289
18446743249075830785
18446743867551121409
18446744022169944065
18446744060824649729
18446744070488326145
18446744072904245249
18446744073508225025
18446744073659219969
18446744073696968705
18446744073706405889
18446744073708765185
18446744073709355009
18446744073709502465
18446744073709539329
18446744073709548545
18446744073709550849
18446744073709551425
18446744073709551569
18446744073709551605
18446744073709551613
13835058055282163711
3458764513820540927
864691128455135231
216172782113783807
54043195528445951
13510798882111487
3377699720527871
844424930131967
211106232532991
52776558133247
13194139533311
3298534883327
824633720831
206158430207
51539607551
12884901887
3221225471
805306367
201326591
50331647
12582911
3145727
786431
196607
49151
12287
3071
767
191
47
9223372036854775819
11529215046068469762
16717361816799281152
18014398509481984000
18338657682652659712
18419722475945328640
18439988674268495872
18445055223849287680
18446321861244485632
18446638520593285120
18446717685430484992
18446737476639784960
18446742424442109952
18446743661392691200
18446743970630336512
18446744047939747840
18446744067267100672
18446744072098938880
18446744073306898432
18446744073608888320
18446744073684385792
18446744073703260160
18446744073707978752
18446744073709158400
18446744073709453312
18446744073709527040
9223372036854769664
6917529027641080320
1729382256910270080
432345564227567520
108086391056891880
27021597764222970
6755399441055742
1688849860263935
422212465065983
105553116266495
26388279066623
6597069766655
1649267441663
412316860415
103079215103
25769803775
6442450943
1610612735
402653183
9223372036955439103
11529215046093635582
16717361816805572606
18014398509483556862
18338657682653052926
18419722475945426942
18439988674268520446
18445055223849293822
18446321861244487166
18446638520593285502
18446717685430485086
18446737476639784982
18446742424442109956
18446743661392691200
18446743970630336513
18446744047939747841
18446744067267100673
18446744072098938880
18446744073306898432
18446744073608888320
18446744073684385792
18446744073703260160
18446744073707978752
18446744073709158400
18446744073709453312
18446744073709527040
18446744073709545472
18446744073709550080
18446744073709551232
9223372036854775712
6917529027641081832
1729382256910270458
432345564227567614
108086391056891902
27021597764222974
6755399441055742
1688849860263934
422212465065982
105553116266494
26388279066622
6597069766654
1649267441662
412316860414
103079215103
25769803775
6442450943
1610612735
402653183
100663295
25165823
6291455
1572863
393215
98303
24575
6143
1535
383
95
23
5
1
1
1
1
1
1
1
1
1
1
1
1
1
1
1
1
1
1
1
1
1
1
1
1
1
1
1
1
1
1
1
1
1
1
1
1
1
1
1
1
1
1
1
1
1
9223372036854775809
11529215046068469761
16717361816799281153
18014398509481984001
18338657682652659713
18419722475945328641
18439988674268495873
18445055223849287681
18446321861244485633
18446638520593285121
18446717685430484993
18446737476639784961
18446742424442109953
18446743661392691201
18446743970630336513
18446744047939747841
9223372030412324865
6917529026030469120
1729382256507617280
432345564126904320
108086391031726080
27021597757931520
6755399439482880
1688849859870720
422212464967680
105553116241920
26388279060480
6597069765120
1649267441280
412316860320
103079215080
4611686044197191674
14987979566331461630
17582052946865029119
18230571291998420991
18392700878281768959
18433233274852605951
18443366373995315199
18445899648780992511
18446532967477411839
18446691297151516671
18446730879570042879
9223368738319898623
6917528203007362559
1729382050751840639
432345512687960159
108086378171990039
27021594542997509
6755398635749377
1688849658937345
422212414734337
105553103683585
26388275920897
6597068980225
1649267245057
412316811265
103079202817
25769800705
6442450177
1610612545
4611686018830041041
14987979559989673973
17582052945279582205
18230571291602059263
18392700878182678527
18433233274827833343
18443366373989122047
18445899648779444223
18446532967477024767
18446691297151419903
18446730879570018687
18446740775174668383
18446743249075830807
18446743867551121413
18446744022169944065
18446744060824649729
18446744070488326145
18446744072904245249
18446744073508225024
18446744073659219968
18446744073696968704
18446744073706405888
18446744073708765184
18446744073709355008
18446744073709502464
18446744073709539328
18446744073709548544
18446744073709550848
18446744073709551424
18446744073709551568
18446744073709551604
18446744073709551613
18446744073709551615
18446744073709551615
18446744073709551615
18446744073709551615
18446744073709551615
18446744073709551615
18446744073709551615
18446744073709551615
18446744073709551615
18446744073709551615
18446744073709551615
18446744073709551615
18446744073709551614
18446744073709551614
18446744073709551614
18446744073709551614
18446744073709551614
18446744073709551614
18446744073709551614
18446744073709551614
18446744073709551614
18446744073709551614
18446744073709551614
18446744073709551614
18446744073709551614
18446744073709551614
18446744073709551614
18446744073709551614
18446744073709551614
18446744073709551614
9223372036854775806
6917529027641081854
1729382256910270462
432345564227567614
108086391056891902
27021597764222974
6755399441055742
1688849860263934
422212465065982
105553116266494
26388279066622
6597069766654
1649267441662
412316860414
103079215102
25769803774
6442450942
1610612734
402653182
100663294
25165822
6291454
1572862
393214
98302
24574
6142
1534
382
94
22
4611686018427387908
14987979559889010688
17582052945254416385
18230571291595767809
18392700878181105665
18433233274827440129
18443366373989023745
18445899648779419649
18446532967477018625
18446691297151418369
18446730879570018305
18446740775174668289
18446743249075830785
18446743867551121409
9223371985315168257
6917529014756179969
1729382253689044993
432345563422261249
108086390855565313
27021597713891329
6755399428472833
1688849857118209
422212464279553
105553116069889
26388279017473
6597069754369
4611687667694826497
14987979972205870337
17582053048333631297
18230571317365571537
9169328847768780789
6904018230369583101
1726004557592395775
431501139398098943
107875284849524735
26968821212381183
6742205303095295
1685551325773823
421387831443455
105346957860863
26336739465215
6584184866303
1646046216575
411511554143
102877888535
25719472133
6429868033
1607467009
401866753
100466689
25116673
6279169
1569793
392449
98113
24529
9223372036854781941
11529215046068471292
16717361816799281534
18014398509481984094
18338657682652659734
18419722475945328644
18439988674268495872
18445055223849287681
18446321861244485633
18446638520593285121
18446717685430484993
18446737476639784961
18446742424442109953
18446743661392691201
18446743970630336513
18446744047939747841
18446744067267100673
18446744072098938881
18446744073306898433
18446744073608888321
18446744073684385793
18446744073703260161
18446744073707978753
18446744073709158401
18446744073709453313
18446744073709527041
18446744073709545473
18446744073709550081
18446744073709551233
18446744073709551521
18446744073709551593
18446744073709551611
18446744073709551615
18446744073709551614
18446744073709551614
18446744073709551614
18446744073709551615
18446744073709551615
18446744073709551615
18446744073709551615
18446744073709551615
18446744073709551615
18446744073709551615
18446744073709551615
18446744073709551615
18446744073709551615
18446744073709551615
18446744073709551615
18446744073709551615
18446744073709551614
18446744073709551614
18446744073709551614
18446744073709551614
18446744073709551614
18446744073709551614
18446744073709551614
18446744073709551614
18446744073709551614
18446744073709551614
18446744073709551614
18446744073709551614
18446744073709551614
18446744073709551615
18446744073709551615
18446744073709551615
18446744073709551615
18446744073709551615
18446744073709551615
18446744073709551615
18446744073709551615
18446744073709551615
18446744073709551615
18446744073709551615
18446744073709551615
18446744073709551615
18446744073709551615
18446744073709551615
18446744073709551615
18446744073709551615
18446744073709551615
9223372036854775807
6917529027641081855
1729382256910270463
432345564227567615
108086391056891903
27021597764222975
6755399441055743
1688849860263935
422212465065983
105553116266495
26388279066623
6597069766655
1649267441663
412316860415
103079215103
4611686044197191679
14987979566331461631
17582052946865029119
18230571291998420991
18392700878281768959
18433233274852605951
18443366373995315199
18445899648780992511
18446532967477411839
18446691297151516671
18446730879570042879
18446740775174674431
18446743249075832319
18446743867551121791
18446744022169944159
18446744060824649751
18446744070488326149
18446744072904245249
18446744073508225025
18446744073659219969
18446744073696968705
18446744073706405889
18446744073708765185
18446744073709355009
18446744073709502465
18446744073709539329
18446744073709548545
18446744073709550849
18446744073709551425
18446744073709551569
18446744073709551605
18446744073709551612
18446744073709551614
18446744073709551614
18446744073709551614
18446744073709551614
18446744073709551614
18446744073709551614
18446744073709551614
18446744073709551614
18446744073709551614
18446744073709551614
18446744073709551614
18446744073709551614
18446744073709551614
18446744073709551614
9223372036854775806
6917529027641081854
1729382256910270462
432345564227567614
108086391056891902
27021597764222974
6755399441055742
1688849860263934
422212465065982
105553116266494
26388279066622
6597069766654
1649267441662
9223372449171636222
11529215149147684862
16717361842569084926
18014398515924434942
18338657684263272446
18419722476347981822
18439988674369159166
18445055223874453502
18446321861250777086
18446638520594857982
18446717685430878206
18446737476639883262
18446742424442134526
9223371624537921534
6917528924561868287
1729382231140467071
432345557785116767
108086389446279191
27021597361569797
6755399340392449
1688849835098113
422212458774529
105553114693633
26388278673409
6597069668353
1649267417089
412316854273
103079213569
25769803393
6442450849
1610612713
402653179
100663295
25165822
6291454
1572862
393214
98302
24574
6142
1534
382
94
22
4
0
0
0
0
1
1
1
1
1
1
1
1
1
1
1
1
1
0
4611686018427387904
14987979559889010688
17582052945254416384
18230571291595767808
18392700878181105664
18433233274827440128
18443366373989023744
18445899648779419648
18446532967477018624
18446691297151418368
18446730879570018304
18446740775174668288
18446743249075830785
18446743867551121409
18446744022169944065
18446744060824649729
18446744070488326145
18446744072904245249
18446744073508225025
18446744073659219969
18446744073696968705
18446744073706405889
18446744073708765185
18446744073709355009
18446744073709502465
18446744073709539329
18446744073709548545
18446744073709550849
18446744073709551425
18446744073709551569
18446744073709551605
18446744073709551612
18446744073709551614
18446744073709551614
18446744073709551614
18446744073709551614
18446744073709551614
18446744073709551614
18446744073709551614
18446744073709551614
18446744073709551614
18446744073709551614
18446744073709551614
18446744073709551614
18446744073709551614
18446744073709551614
18446744073709551614
18446744073709551614
18446744073709551614
18446744073709551614
18446744073709551614
18446744073709551614
18446744073709551614
18446744073709551614
18446744073709551614
18446744073709551614
9223372036854775806
6917529027641081854
1729382256910270462
432345564227567614
108086391056891902
4638707616191610878
14994734959330066430
17583741795114680318
18230993504060833790
18392806431297372158
18433259663106506750
18443372971058790398
18445901298046861310
18446533379793879038
18446691400230633470
18446730905339822078
18446740781617119230
18446743250686443518
18446743867953774590
18446744022270607358
18446744060849815551
18446744070494617599
18446744072905818111
18446744073508618239
18446744073659318271
18446744073696993279
18446744073706412031
18446744073708766719
18446744073709355391
18446744073709502559
18446744073709539351
13835058055282160645
3458764513820540161
864691128455135040
216172782113783760
9277415232383221748
11542725844950581245
16720739516519809023
18015242934412115967
18338868788885192703
18419775252503461887
18440001868408029183
18445058522384171007
18446322685878206463
18446638726751715327
18446717736970092543
18446737489524686847
18446742427663335423
9223371625343221759
6917528924763193343
1729382231190798335
432345557797699583
108086389449424895
27021597362356223
6755399340589055
1688849835147263
422212458786815
105553114696703
26388278674175
6597069668543
1649267417135
9223372449171630091
11529215149147683331
16717361842569084545
18014398515924434849
18338657684263272425
18419722476347981819
18439988674369159167
18445055223874453502
18446321861250777086
18446638520594857982
18446717685430878206
18446737476639883262
18446742424442134526
18446743661392697342
18446743970630338046
18446744047939748222
18446744067267100766
18446744072098938902
18446744073306898436
18446744073608888320
18446744073684385792
18446744073703260160
18446744073707978752
18446744073709158400
18446744073709453312
18446744073709527040
18446744073709545472
18446744073709550080
18446744073709551232
18446744073709551520
18446744073709551592
18446744073709551610
18446744073709551614
18446744073709551615
18446744073709551615
18446744073709551615
18446744073709551614
18446744073709551614
18446744073709551614
18446744073709551614
18446744073709551614
18446744073709551614
18446744073709551614
18446744073709551614
18446744073709551614
18446744073709551614
18446744073709551614
18446744073709551614
18446744073709551614
18446744073709551615
18446744073709551615
18446744073709551615
18446744073709551615
18446744073709551615
18446744073709551615
18446744073709551615
18446744073709551615
18446744073709551615
18446744073709551615
18446744073709551615
18446744073709551615
18446744073709551615
18446744073709551614
18446744073709551614
9223372036854775806
6917529027641081854
1729382256910270462
432345564227567614
108086391056891902
27021597764222974
6755399441055742
1688849860263934
422212465065982
105553116266494
26388279066622
6597069766654
1649267441662
412316860414
103079215102
25769803774
6442450942
1610612735
402653183
100663295
25165823
6291455
1572863
393215
98303
24575
6143
1535
383
95
23
5
1
0
0
0
0
0
0
0
0
0
