205333796094047
51333449023511
12833362255877
3208340563969
802085140993
200521285249
9223372086985097121
11529215058601050089
16717361819932426234
8791026473410494462
6809442636780011518
1702360659195002878
425590164798750718
106397541199687678
26599385299921918
6649846324980478
1662461581245118
415615395311278
9223475940703603626
11529241022030676715
12105682292362444987
3026420573090611247
9979977180127428618
11718366331886632962
12152963619826434048
3038240904956608512
759560226239152128
189890056559788032
47472514139947008
11868128534986752
2967032133746688
741758033436672
185439508359168
46359877089793
11589969272449
2897492318113
724373079529
181093269883
45273317471
11318329367
2829582341
707395585
176848897
44212225
11053057
2763265
690817
172705
43177
4611686018427398699
5764607523034237579
6052837899185947298
1513209474796486824
378302368699121706
9317947629029556234
11552858944112164866
16723272791310204928
18015876253109714944
18339027118559592448
18419814834922061824
18440011764012679168
18445060996285333504
18446323304353497088
18446638881370537984
18446717775624798208
18446737499188363264
18446742430079254528
18446743662801977344
18446743970982658048
18446744048027828224
18446744067289120768
18446744072104443905
18446744073308274689
18446744073609232385
18446744073684471809
18446744073703281665
18446744073707984129
9223372036854383937
6917529027640983889
1729382256910245973
432345564227561493
108086391056890373
27021597764222593
9230127436295831456
11530903895928733673
12106098010836959227
3026524502709239807
756631125677309950
189157781419327486
47289445354831870
11822361338707966
2955590334676990
738897583669246
9223556761250693118
11529261227167449087
7494001325219250175
6485186349732200447
1621296587433050111
405324146858262527
101331036714565631
25332759178641407
6333189794660351
1583297448665087
395824362166271
98956090541567
24739022635391
6184755658847
1546188914711
4611686404974616581
14987979656525817857
17582052969413618176
18230571297635568256
18392700879691055777
9209861238350151849
2302465309587537963
14410674382679048203
17437726650951925762
18194489718020145152
18383680484787200000
18430978176478963712
18442802599401904640
18445758705132639872
18446497731565323680
18446682488173494632
18446728677325537370
18446740224613548054
18446743111435550724
18446743833141051392
9223371976712650752
6917529012605550592
1729382253151387648
432345563287846912
108086390821961728
27021597705490432
6755399426372608
1688849856593152
422212464148288
105553116037072
9223398425133785076
11529221643138222076
16717363466066719230
18014398921798843518
18338657785731874590
13808036483287744454
3452009120821936112
863002280205484028
4827436588478758910
15041917202401853438
17595537355882627070
18233942394252820478
18393543653845368830
18433443968743505918
18443419047468040190
18445912817149173758
18446536259569457150
18446692120174527998
9223359048471019902
6917525780545142879
1729381445136285719
432345361284071429
108086340321017857
27021585080254465
6755396270063617
1688849067515905
422212266878977
105553066719745
26388266679937
6597066669985
1649266667497
412316666875
103079166719
25769791678
6442447918
1610611978
402652995
100663248
9223372036879941620
11529215046074761213
16717361816800854015
18014398509482377215
18338657682652758015
18419722475945353215
18439988674268502015
18445055223849289215
18446321861244486015
9223266483738509407
6917502639362015254
1729375659840503812
432343914960125952
9331458015594807296
11556236540753477632
16724117190470533120
18016087352899796992
18339079893507112960
18419828028658941952
18440015062446899200
18445061820893888512
18446323510505635840
18446638932908572672
9223345751654531072
6917522456341020673
1729380614085255169
432345153521313793
108086288380328449
27021572095082113
6755393023770529
1688848255942633
422212063985659
105553015996415
26388253999102
6597063499774
1649265874942
412316468734
103079117182
25769779294
6442444822
1610611204
9223372037257428608
11529215046169132960
16717361816824446952
18014398509488275450
9115285645799456766
6890507429877252095
1722626857469313023
430656714367328255
107664178591832063
26916044647958015
6729011161989503
1682252790497375
420563197624343
4611791159226793989
14988005845088862209
12970373498126991360
3242593374531747840
810648343632936960
202662085908234240
50665521477058560
12666380369264640
3166595092316161
791648773079041
197912193269761
49478048317441
12369512079361
3092378019841
9223372809949280769
11529215239342096001
16717361865117687713
18014398521561585641
18338657685672560123
18419722476700303743
4604930619175075935
10374604691648544790
16428709228194299908
17942235362330738688
18320616895864848384
18415212279248375808
18438861125094257664
18444773336555728128
18446251389421095744
18446620902637437648
18446713280941523124
18446736375517544492
9223370112306774026
6917528546504081411
1729382136626020353
5044031552583892993
15096065943428136961
17609074541139197953
18237326690566963201
18394389727923904513
18433655487263139841
18443471927097948673
18445926037056650881
18446539564546326433
18446692946418745321
18446731291886850043
18446740878253876223
18446743274845632767
18446743873993571903
18446744023780556686
9223372024372527074
6917529024520519673
1729382256130129919
432345564032532479
108086391008133119
27021597752033279
6755399438008319
1688849859502079
422212464875519
105553116218879
26388279054719
9223378633924539487
11529216695335910679
12105676210688753477
3026419052672188369
756604763168047092
189151190792011773
47287797698002943
11821949424500735
2955487356125183
738871839031295
184717959757823
46179489939455
11544872484863
2886218121215
9223372758409306111
11529215226457102335
16717361861896439295
18014398520756273535
18338657685471232095
18419722476649971735
18439988674444656645
18445055223893327873
18446321861255495680
18446638520596037632
18446717685431173120
18446737476639956992
18446742424442152960
18446743661392701952
18446743970630339200
18446744047939748512
18446744067267100840
13835058053671551018
3458764513417887754
864691128354471939
216172782088617985
4665729213949542401
5778118321914773505
6056215598906081281
1514053899726520321
378513474931630081
94628368732907521
23657092183226881
5914273045806721
1478568261451681
369642065362921
92410516340731
23102629085183
5775657271295
1443914317823
360978579455
90244644862
22561161215
9223372042495066111
11529215047478542334
16717361817151799294
18014398509570113534
18338657682674692094
18419722475950836734
18439988674269872894
18445055223849631934
18446321861244571694
18446638520593306634
18446717685430490370
13835051458212398400
3458762864553099600
10088062752993050708
11745387725103038485
12159718968130535429
3039929742032633857
759982435508158464
189995608877039616
47498902219259904
11874725554814976
2968681388703744
742170347175936
9223557579441569792
11529261431715168257
16717373413210955777
18014401408584902657
18338658407428389377
18419722657139261057
18439988719566978977
18445055235173908457
18446321864075640827
18446638521301073919
18446717685607432191
18446737476684021759
18446742424453169151
18446743661395455999
18446743970631027711
13835058029512532735
3458764507378133183
864691126844533295
9439544818565909131
11583258241496253090
16730872615656226984
13406090190768832554
3351522547692208138
837880636923052035
209470159230763009
52367539807690753
13091884951922689
3272971237980673
818242809495169
204560702373793
51140175593449
12785043898363
3196260974591
799065243647
199766310911
49941577727
12485394431
3121348607
780337151
195084286
48771070
12192766
3048190
762046
190510
47626
11907
2977
745
187
47
10
2
0
0
0
0
0
0
0
0
0
0
9223372036854775808
11529215046068469761
16717361816799281153
18014398509481984001
18338657682652659713
18419722475945328641
18439988674268495873
18445055223849287681
18446321861244485633
18446638520593285121
18446717685430484993
18446737476639784961
18446742424442109953
13835057642965303297
3458764410741325825
864691102685331457
216172775671332865
9277415230772609024
2319353807693152256
5191524470350675969
10521253154442444801
11853685325465387009
16798479386648510465
18034677901944291329
18343727530768236545
18420989937974222849
18440305539775719425
18445134440226093569
18446341665338687105
9223271434762059681
6917503877117902825
1729375969279475707
432343992319868927
108085998079967231
27021499519991806
6755374879997950
1688843719999486
422210929999870
105552732499966
26388183124990
6597045781246
1649261445310
412315361326
9223372139933616138
11529215071838179843
16717361823241708673
18014398511092590881
18338657683055311433
18419722476045991571
18439988674293661605
18445055223855579112
13834635842818670586
3458658960704667646
864664740176166911
216166185044041727
54041546261010431
13510386565252607
3377596641313151
844399160328287
211099790082071
52774947520517
13193736880129
3298434220033
824608555009
206152138753
9223372088392810497
11529215058952978433
16717361820020408321
18014398510287265793
18338657682853980161
18419722475995658753
18439988674281078401
18445055223852433313
18446321861245272041
13834952502166093819
3458738125541523455
864684531385380862
216171132846345214
54042783211586302
13510695802896575
3377673950724142
9224216455342456842
11529426150690390018
16717414592954761216
18014411703520854016
18338660981162377216
18419723300572758016
18439988880425353216
18445055275388502016
18446321874129289216
18446638523814486016
18446717686235785216
18446737476841110016
18446742424492441216
9223371624550498208
6917528924565012457
1729382231141253115
432345557785313279
108086389446328319
27021597361582079
6755399340395519
1688849835098879
422212458774719
105553114693679
26388278673419
6597069668355
9223373686122192897
11529215458385324033
16717361919878494721
18014398535251787393
18338657689095110561
18419722477555941353
18439988674671149051
18445055223949950975
18446321861269651454
18446638520599576574
18446717685432057854
18446737476640178174
18446742424442208254
18446743661392715774
18446743970630342654
18446744047939749374
9223372030412325246
6917529026030469215
10952754293362393111
11961560610195374085
16825448207831007233
18041420107239915521
18345413082092142593
18421411325805199361
18440410886733463553
18445160776965529601
18446348249523546113
18446645117663050241
18446719334697926273
18446737888956645281
18446742527521325033
13835057668735107067
3458764417183776767
10088063141150719998
11745387822142455806
16771405010817777662
18027909307986608126
18342035382278815743
18420566900851867647
18440199780495130623
18445108000405946367
18446335055383650303
18446641819128076287
18446718510064182783
18446737682798209406
18446742475981716062
18446743674277592726
18446743973851561892
18446744048745054184
13835058049041039354
3458764512260259838
864691128065064959
216172782016266239
54043195504066559
13510798876016639
3377699719004159
844424929751039
211106232437759
52776558109439
13194139527359
4611689316962269743
14987980384522731147
17582053151412846499
18230571343135375337
18392700891066007547
18433233278048665599
18443366374794330110
18445899648980746238
18446532967527350270
18446691297164001278
18446730879573164030
18446740775175454718
18446743249076027390
18446743867551170558
18446744022169956350
18446744060824652798
18446744070488326910
18446744072904245438
9223372036653449263
16140901064445526027
13258597302966157315
7926335344168927233
6593269854469619713
1648317463617404929
412079365904351233
103019841476087809
25754960369021953
6438740092255489
1609685023063873
402421255765969
100605313941493
25151328485372
6287832121342
1571958030334
9223372429844283390
11529215144315846655
12105675822933737471
3026418955733434367
756604738933358591
189151184733339647
47287796183334911
11821949045833727
2955487261458431
738871815364607
9223556754808616959
11529261225556930046
16717373361671396222
18014401395700012766
18338658404207166902
18419722656333955436
18439988719365652570
18445055235123576854
18446321864063057925
18446638521297928193
18446717685606645761
18446737476683825153
18446742424453120001
18446743661395443713
18446743970631024641
18446744047939919873
18446744067267143681
18446744072098949633
9223372036452125313
6917529027540419233
1729382256885104809
5044031582648664107
15096065950944329739
17609074543018246147
18237326691036725249
18394389728041345025
18433655487292499969
18443471927105288705
18445926037058485889
18446539564546785185
18446692946418860009
18446731291886878715
18446740878253883391
18446743274845634559
18446743873993572351
18446744023780556799
18446744061227302910
18446744070588989439
9223372036074635263
6917529027446046719
1729382256861511679
432345564215377919
108086391053844479
27021597763461119
6755399440865279
9225060886714992127
11529637258533523839
16717467369915544671
18014424897761049879
13726978261295038277
3431744565323759569
857936141330939892
214484035332734972
53621008833183742
13405252208295934
3351313052073982
837828263018494
209457065754622
52364266438654
13091066609662
3272766652414
818191663102
204547915774
9223372087991754750
11529215058852714494
16717361819995342334
18014398510280999294
18338657682852413534
18419722475995267094
18439988674280980484
18445055223852408832
18446321861245265920
18446638520593480192
18446717685430533760
18446737476639797152
18446742424442113000
18446743661392691962
18446743970630336702
18446744047939747887
9223372030412324875
6917529026030469123
10952754293362393089
11961560610195374081
16825448207831007233
18041420107239915521
18345413082092142593
18421411325805199361
18440410886733463553
18445160776965529601
18446348249523546113
18446645117663050241
18446719334697926273
18446737888956645281
18446742527521325033
18446743687162494971
18446743977072787455
9223372012695584767
6917529021601284095
1729382255400321023
432345563850080255
108086390962520062
27021597740630014
6755399435157502
1688849858789374
422212464697342
105553116174334
9223398425133819390
11529221643138230655
16717363466066721375
18014398921798844055
18338657785731874725
13808036483287744489
3452009120821936122
863002280205484030
4827436588478758910
15041917202401853438
17595537355882627070
18233942394252820478
18393543653845368830
18433443968743505918
18443419047468040190
18445912817149173758
18446536259569457150
18446692120174527998
18446731085325795710
18446740826613612638
18446743261935566870
18446743870766055428
18446744022973677568
18446744061025583104
18446744070538559488
18446744072916803584
18446744073511364608
18446744073660004864
18446744073697164928
18446744073706454944
18446744073708777448
13835058055281970170
3458764513820492542
864691128455123135
216172782113780783
9277415232383221002
2319353808095805251
5191524470451339217
1297881117612834805
324470279403208700
81117569850802174
20279392462700542
5069848115675134
1267462028918782
316865507229694
79216376807422
19804094201854
4951023550462
1237755887615
309438971903
77359742975
9223372056194711551
11529215050903453694
16717361818008027134
18014398509784170494
18338657682728206334
18419722475964215294
18439988674273217534
18445055223850468094
18446321861244780734
18446638520593358894
18446717685430503434
18446737476639789570
18446742424442111104
18446743661392691488
18446743970630336584
18446744047939747858
18446744067267100676
18446744072098938881
13835058054879510529
3458764513719877633
864691128429969409
216172782107492353
54043195526873089
13510798881718273
3377699720429569
844424930107393
211106232526849
52776558131713
9223385230994308737
11529218344603352993
16717362641433001961
18014398715640414203
18338657734192267263
18419722488830230526
18439988677489721342
18445055224654594046
18446321861445812222
18446638520643616766
18446717685443067902
18446737476642930686
18446742424442896382
18446743661392887806
18446743970630385662
13835058029512372222
3458764507378093054
864691126844523262
216172781711130815
54043195427782702
9236882835711721482
11532592745782706179
16718206241727840257
18014609615714123777
18338710459210694657
18419735670084837377
18439991972803373057
9221684011628231169
6917107021334445697
1729276755333611425
432319188833402857
108079797208350715
27019949302087679
4618441005752909823
14989668306720391167
17582475131962261503
18230676838272729087
18392727264850345983
18433239871494750207
18443368023155851263
18445900061071126527
18446533070549945343
18446691322919650047
18446730886012076223
18446740776785182767
18446743249478459403
18446743867651778562
18446744022195108352
13835058042403552896
3458764510600888224
864691127650222056
216172781912555514
54043195478138878
13510798869534719
3377699717383679
844424929345919
211106232336479
52776558084119
13194139521029
3298534880257
824633720065
9223372243013205825
11529215097608077265
16717361829684183029
18014398512703209468
18338657683457966078
18419722476146655230
18439988674318827518
18445055223861870590
18446321861247631358
18446638520594071550
18446717685430681598
18446737476639834110
18446742424442122238
9223371624537918462
6917528924561867518
1729382231140466878
432345557785116718
9331458426301054986
11556236643430039555
16724117216139673601
18016087359317082113
18339079895111434240
18419828029060022272
18440015062547169280
18445061820918956032
18446323510511902720
18446638932910139392
9223345751654922752
6917522456341118593
1729380614085279649
432345153521319913
108086288380329979
27021572095082495
4618441411451158527
14989668408144953343
17582475157318402047
18230676844611764223
18392727266435104767
18433239871890939903
18443368023254898687
18445900061095888383
18446533070556135807
18446691322921197663
18446730886012463127
18446740776785279493
18446743249478483585
18446743867651784608
18446744022195109864
13835058042403553274
12682136547455664126
12393906173718691839
16933534598711836671
18068441704960122879
18352168481522194431
18423100175662712319
18440833099197841791
18445266330081624159
18446374637802569751
18446651714732806149
18446720983965365249
18446738301273505025
18446742630600539969
9223371676077522896
16140900974301544437
13258597280430161916
17149707375389704190
18122484899129589759
18365679280064561151
18426477875298303999
18441677524106739711
18445477436308848639
18446427414359375871
18446664908872007679
18446724282500165631
18446739125907205119
18446742836758964990
13835057746044517054
3458764436511129262
864691109127782314
216172777281945578
54043194320486394
13510798580121598
3377699645030399
844424911257599
211106227814399
52776556953599
13194139238399
3298534809599
824633702399
206158425599
51539606399
12884901599
3221225399
805306349
201326587
50331647
12582910
3145726
786430
196606
49150
12286
3070
4611686018427388670
14987979559889010878
17582052945254416430
18230571291595767818
18392700878181105667
18433233274827440129
18443366373989023745
18445899648779419649
18446532967477018624
18446691297151418368
18446730879570018304
18446740775174668288
18446743249075830784
18446743867551121408
18446744022169944064
18446744060824649728
18446744070488326144
18446744072904245248
18446744073508225024
18446744073659219968
18446744073696968704
18446744073706405889
18446744073708765184
9223372036854579200
6917529027641032705
1729382256910258177
432345564227564545
108086391056891137
27021597764222785
6755399441055697
9225060886715039733
11529637258533535740
16717467369915547646
18014424897761050622
13726978261295038462
3431744565323759614
